20070101 0
20070102 0
20070103 2.823647
20070104 5.650408
20070105 0
20070106 0
20070107 0
20070108 0
20070109 0
20070110 0
20070111 0
20070112 5.805904
20070113 0
20070114 3.257949
20070115 0.380408
20070116 3.388745
20070117 0.457067
20070118 1.95404
20070119 7.475701
20070120 5.405885
20070121 0
20070122 0
20070123 2.43013
20070124 12.35561
20070125 0
20070126 0
20070127 0
20070128 0
20070129 1.608055
20070130 1.608055
20070131 0
20070201 0
20070202 0
20070203 0
20070204 0
20070205 0
20070206 0
20070207 0
20070208 0
20070209 0
20070210 0
20070211 0
20070212 16.15049
20070213 0
20070214 0
20070215 0
20070216 0
20070217 0
20070218 0
20070219 0
20070220 0
20070221 0
20070222 0
20070223 0
20070224 0
20070225 0
20070226 0
20070227 0
20070228 4.457949
20070301 0
20070302 0
20070303 0
20070304 0
20070305 0
20070306 0
20070307 0
20070308 0
20070309 0
20070310 0
20070311 0.8152325
20070312 18.80601
20070313 0
20070314 0
20070315 0
20070316 0
20070317 0
20070318 0
20070319 0
20070320 0
20070321 0
20070322 0
20070323 8.207103
20070324 0
20070325 2.110086
20070326 33.86797
20070327 9.726705
20070328 0
20070329 33.86797
20070330 31.98036
20070331 16.93627
20070401 0
20070402 0
20070403 0
20070404 0
20070405 0
20070406 0
20070407 5.430939
20070408 0
20070409 0
20070410 0
20070411 0
20070412 0
20070413 12.81732
20070414 0
20070415 0
20070416 0
20070417 0
20070418 0
20070419 0
20070420 0
20070421 0
20070422 0
20070423 0
20070424 6.60393
20070425 9.132742
20070426 0
20070427 0
20070428 0
20070429 0
20070430 18.11471
20070501 20.08034
20070502 0
20070503 17.99967
20070504 0
20070505 0
20070506 0
20070507 18.5701
20070508 6.311657
20070509 18.92263
20070510 9.32178
20070511 0
20070512 0.5817792
20070513 0
20070514 0
20070515 0
20070516 0
20070517 0
20070518 0
20070519 0
20070520 0
20070521 0
20070522 3.316444
20070523 0
20070524 4.349484
20070525 21.37612
20070526 5.744697
20070527 11.70641
20070528 7.889248
20070529 21.7076
20070530 7.889248
20070531 0
20070601 5.505501
20070602 22.02113
20070603 5.505501
20070604 0
20070605 5.505501
20070606 0
20070607 0
20070608 0
20070609 0
20070610 1.228238
20070611 0
20070612 0
20070613 8.989329
20070614 0
20070615 11.40194
20070616 17.21117
20070617 14.50978
20070618 0
20070619 0
20070620 18.85258
20070621 0
20070622 3.194923
20070623 0
20070624 7.043293
20070625 26.60875
20070626 38.33881
20070627 37.55289
20070628 0
20070629 0
20070630 12.51704
20070701 4.102935
20070702 20.91575
20070703 5.228595
20070704 0
20070705 2.314725
20070706 0
20070707 0
20070708 0
20070709 0
20070710 0
20070711 0
20070712 0
20070713 8.550991
20070714 0
20070715 0
20070716 0
20070717 0
20070718 0
20070719 0
20070720 0
20070721 0
20070722 0
20070723 0
20070724 10.54329
20070725 0
20070726 0
20070727 9.551913
20070728 0
20070729 0
20070730 0
20070731 0
20070801 13.33318
20070802 0
20070803 0
20070804 0
20070805 0
20070806 0
20070807 0
20070808 0
20070809 0
20070810 0
20070811 0
20070812 0
20070813 0
20070814 0
20070815 0
20070816 0
20070817 5.45481
20070818 15.65771
20070819 14.58831
20070820 0
20070821 0
20070822 0
20070823 0
20070824 0
20070825 0
20070826 0
20070827 0
20070828 0
20070829 0
20070830 0
20070831 0
20070901 0
20070902 0
20070903 0
20070904 0
20070905 0
20070906 0
20070907 0
20070908 4.300805
20070909 0
20070910 76.12138
20070911 0
20070912 0
20070913 0
20070914 0
20070915 0
20070916 0
20070917 0
20070918 0
20070919 38.15609
20070920 0
20070921 0
20070922 0
20070923 0
20070924 0
20070925 0
20070926 1.457605
20070927 0
20070928 6.712826
20070929 0
20070930 0
20071001 0
20071002 0
20071003 5.363895
20071004 0
20071005 0
20071006 4.756395
20071007 0
20071008 0
20071009 0
20071010 0
20071011 0
20071012 0
20071013 0
20071014 0
20071015 8.032097
20071016 0
20071017 0
20071018 0
20071019 0
20071020 0
20071021 0
20071022 8.592823
20071023 0
20071024 0
20071025 0
20071026 0
20071027 0
20071028 0
20071029 0
20071030 0
20071031 0
20071101 0
20071102 0
20071103 0
20071104 0
20071105 0
20071106 0
20071107 0
20071108 0
20071109 0
20071110 0
20071111 0
20071112 0
20071113 0
20071114 0
20071115 0
20071116 0
20071117 0
20071118 0
20071119 0
20071120 0
20071121 0
20071122 0
20071123 0
20071124 0
20071125 23.5299
20071126 0
20071127 0
20071128 0
20071129 0
20071130 0
20071201 5.950711
20071202 0
20071203 0
20071204 0
20071205 0
20071206 0
20071207 0
20071208 0
20071209 7.447033
20071210 5.254459
20071211 10.44823
20071212 0
20071213 0
20071214 0
20071215 0
20071216 0
20071217 0
20071218 0
20071219 0
20071220 0
20071221 0
20071222 0
20071223 0
20071224 0
20071225 0
20071226 0
20071227 0
20071228 0
20071229 0
20071230 0
20071231 0
20080101 0
20080102 0
20080103 2.061303
20080104 0
20080105 0.7600223
20080106 0
20080107 0
20080108 0
20080109 0
20080110 0
20080111 0
20080112 0
20080113 0
20080114 0
20080115 0
20080116 0
20080117 0
20080118 0
20080119 0
20080120 0
20080121 0
20080122 0
20080123 0.6396509
20080124 1.091651
20080125 5.188019
20080126 0
20080127 0
20080128 2.382232
20080129 3.573287
20080130 0
20080131 0
20080201 0
20080202 0.5405654
20080203 0
20080204 0
20080205 3.704309
20080206 0
20080207 0
20080208 0
20080209 0
20080210 0
20080211 0
20080212 0
20080213 0
20080214 0
20080215 0
20080216 30.00545
20080217 0
20080218 0
20080219 0
20080220 0
20080221 0
20080222 0
20080223 0
20080224 0
20080225 0
20080226 0
20080227 0
20080228 0
20080229 0
20080301 0
20080302 0
20080303 39.73598
20080304 0
20080305 0
20080306 15.69418
20080307 0
20080308 0
20080309 22.1694
20080310 20.26004
20080311 0
20080312 0
20080313 0
20080314 0
20080315 0
20080316 0
20080317 15.21417
20080318 58.08319
20080319 0
20080320 0
20080321 0
20080322 0
20080323 0
20080324 0
20080325 0
20080326 0
20080327 0.208902
20080328 0
20080329 0
20080330 0
20080331 0
20080401 0
20080402 2.003535
20080403 8.725775
20080404 1.350412
20080405 0
20080406 0
20080407 0
20080408 0
20080409 11.46219
20080410 26.95349
20080411 0
20080412 0
20080413 0
20080414 0
20080415 0
20080416 0
20080417 0
20080418 0
20080419 0
20080420 0
20080421 0
20080422 0
20080423 20.82754
20080424 13.88749
20080425 0
20080426 0
20080427 6.792027
20080428 0
20080429 0
20080430 0
20080501 0
20080502 0
20080503 0
20080504 0
20080505 0
20080506 14.44427
20080507 7.219444
20080508 0
20080509 0
20080510 0
20080511 0
20080512 0
20080513 0
20080514 8.025873
20080515 4.615112
20080516 0
20080517 0
20080518 0
20080519 0
20080520 0
20080521 0
20080522 0
20080523 0
20080524 0
20080525 17.25109
20080526 0
20080527 0
20080528 8.971147
20080529 0
20080530 0
20080531 0
20080601 0
20080602 0
20080603 0
20080604 0
20080605 0
20080606 12.45129
20080607 0
20080608 0
20080609 0
20080610 0
20080611 0
20080612 0
20080613 0
20080614 3.19072
20080615 0
20080616 0
20080617 6.328828
20080618 7.258795
20080619 7.258795
20080620 10.88731
20080621 0
20080622 0
20080623 0
20080624 0
20080625 0
20080626 0
20080627 0
20080628 0
20080629 19.67009
20080630 6.556521
20080701 0
20080702 0
20080703 0
20080704 0
20080705 0
20080706 0
20080707 0
20080708 0
20080709 0
20080710 0
20080711 0
20080712 0
20080713 11.38138
20080714 0
20080715 6.383703
20080716 0
20080717 0
20080718 0
20080719 0
20080720 0
20080721 0
20080722 0
20080723 0
20080724 0
20080725 0
20080726 0
20080727 0
20080728 0
20080729 0
20080730 0
20080731 7.921311
20080801 0
20080802 0
20080803 0
20080804 0
20080805 0
20080806 0
20080807 0
20080808 0
20080809 0
20080810 0
20080811 34.05228
20080812 0
20080813 0
20080814 0
20080815 0
20080816 0
20080817 0
20080818 64.28574
20080819 0
20080820 0
20080821 0
20080822 0
20080823 0
20080824 0
20080825 0
20080826 0
20080827 0
20080828 0
20080829 0
20080830 0.6500332
20080831 0
20080901 0
20080902 0
20080903 0
20080904 0
20080905 0
20080906 0
20080907 0
20080908 25.77594
20080909 33.96517
20080910 0
20080911 0
20080912 0
20080913 0
20080914 0
20080915 0
20080916 0
20080917 0
20080918 0
20080919 0
20080920 0
20080921 0
20080922 0
20080923 0
20080924 0
20080925 0
20080926 0
20080927 0
20080928 0
20080929 0
20080930 0
20081001 0
20081002 0
20081003 0
20081004 0
20081005 0
20081006 55.41661
20081007 0
20081008 0
20081009 0
20081010 0
20081011 0
20081012 0
20081013 0
20081014 0
20081015 0
20081016 0
20081017 0
20081018 0
20081019 0
20081020 0
20081021 0
20081022 0
20081023 0
20081024 0
20081025 0
20081026 0
20081027 0
20081028 0
20081029 0
20081030 0
20081031 0
20081101 0
20081102 0
20081103 0
20081104 0
20081105 0
20081106 0
20081107 0
20081108 0
20081109 0
20081110 5.182528
20081111 1.719776
20081112 0
20081113 0
20081114 0
20081115 0
20081116 0
20081117 0
20081118 0
20081119 0
20081120 0
20081121 0
20081122 0
20081123 0
20081124 0
20081125 0
20081126 0
20081127 0
20081128 0
20081129 0.3974817
20081130 2.444604
20081201 0
20081202 0
20081203 0.3501283
20081204 0
20081205 0
20081206 0
20081207 0
20081208 0.9689381
20081209 0
20081210 5.264681
20081211 0
20081212 0
20081213 3.370968
20081214 1.685793
20081215 0
20081216 0
20081217 3.57066
20081218 0
20081219 0
20081220 0
20081221 0
20081222 0
20081223 0
20081224 0.5500448
20081225 0
20081226 0.7946215
20081227 0
20081228 0
20081229 0
20081230 0
20081231 0
20090101 0
20090102 0
20090103 0
20090104 0
20090105 9.519469
20090106 1.978674
20090107 0
20090108 0
20090109 0
20090110 0
20090111 0
20090112 0
20090113 0
20090114 0
20090115 0
20090116 0
20090117 0
20090118 0
20090119 0
20090120 0
20090121 0
20090122 0
20090123 0
20090124 0
20090125 0
20090126 0
20090127 0
20090128 4.932075
20090129 0
20090130 0
20090131 0
20090201 0
20090202 0
20090203 0
20090204 0
20090205 0
20090206 0
20090207 0
20090208 0
20090209 12.39804
20090210 0
20090211 0
20090212 0
20090213 0.3788114
20090214 0
20090215 0
20090216 0
20090217 6.219975
20090218 0
20090219 0
20090220 0
20090221 0
20090222 0
20090223 0
20090224 2.9631
20090225 0
20090226 0
20090227 0
20090228 0
20090301 0
20090302 0
20090303 0
20090304 0
20090305 0
20090306 0
20090307 3.697053
20090308 1.076898
20090309 0
20090310 0.2017425
20090311 11.75315
20090312 16.67748
20090313 21.05624
20090314 0
20090315 0
20090316 0
20090317 0
20090318 0
20090319 0
20090320 0
20090321 1.521588
20090322 0
20090323 0.4992047
20090324 0
20090325 3.044436
20090326 0
20090327 0
20090328 0
20090329 0
20090330 0
20090331 0
20090401 0
20090402 0
20090403 0
20090404 0
20090405 0
20090406 0
20090407 0
20090408 0
20090409 3.703731
20090410 0
20090411 0
20090412 36.77586
20090413 0
20090414 0
20090415 0
20090416 3.738358
20090417 18.69168
20090418 0
20090419 0
20090420 0
20090421 0
20090422 0
20090423 0
20090424 1.888459
20090425 0
20090426 0
20090427 24.85077
20090428 0
20090429 6.213216
20090430 3.351265
20090501 0
20090502 6.647121
20090503 0.5254779
20090504 0
20090505 2.733536
20090506 0
20090507 0
20090508 0
20090509 3.834278
20090510 0
20090511 4.977744
20090512 0
20090513 4.977744
20090514 0
20090515 0
20090516 28.99329
20090517 0
20090518 0
20090519 0
20090520 0
20090521 0
20090522 0
20090523 0
20090524 0.9490979
20090525 0
20090526 0
20090527 20.16331
20090528 0
20090529 0
20090530 0
20090531 0
20090601 0
20090602 3.870346
20090603 9.565678
20090604 0
20090605 0
20090606 0
20090607 2.018453
20090608 0
20090609 4.032235
20090610 6.84077
20090611 10.38371
20090612 9.490382
20090613 10.38371
20090614 31.15839
20090615 0
20090616 0
20090617 0
20090618 0
20090619 0
20090620 0
20090621 0
20090622 0
20090623 0
20090624 0
20090625 0
20090626 0
20090627 0
20090628 0
20090629 3.744255
20090630 0
20090701 0
20090702 0
20090703 0
20090704 0
20090705 12.8067
20090706 0
20090707 0
20090708 0
20090709 0
20090710 0
20090711 0
20090712 0
20090713 0
20090714 0
20090715 0
20090716 0
20090717 0
20090718 6.134129
20090719 0
20090720 6.771588
20090721 21.34639
20090722 0
20090723 0
20090724 0
20090725 0
20090726 0
20090727 22.31177
20090728 0
20090729 49.47905
20090730 22.31177
20090731 0
20090801 0
20090802 0
20090803 0
20090804 0
20090805 0
20090806 5.560353
20090807 0
20090808 0
20090809 0
20090810 0
20090811 0
20090812 0
20090813 0
20090814 0
20090815 0
20090816 0
20090817 0
20090818 0
20090819 0
20090820 0
20090821 0
20090822 0
20090823 0
20090824 0
20090825 0
20090826 0
20090827 11.32073
20090828 18.98299
20090829 0
20090830 0
20090831 0
20090901 0
20090902 0
20090903 0
20090904 10.60276
20090905 6.188976
20090906 0
20090907 0
20090908 0
20090909 0
20090910 0
20090911 20.88631
20090912 65.61645
20090913 33.46605
20090914 0
20090915 0
20090916 0
20090917 0
20090918 0
20090919 0
20090920 0
20090921 0
20090922 7.053477
20090923 0
20090924 0
20090925 0
20090926 0
20090927 0
20090928 0
20090929 0
20090930 0
20091001 0
20091002 0
20091003 0
20091004 0
20091005 0
20091006 64.59761
20091007 0
20091008 0
20091009 0
20091010 0
20091011 0
20091012 0
20091013 18.99568
20091014 0
20091015 0
20091016 0
20091017 0
20091018 0
20091019 0
20091020 0
20091021 30.34467
20091022 38.14498
20091023 0
20091024 0
20091025 0
20091026 19.66126
20091027 0
20091028 0
20091029 10.24342
20091030 0
20091031 0
20091101 0
20091102 0
20091103 0
20091104 0
20091105 0
20091106 0
20091107 0
20091108 0
20091109 0
20091110 0
20091111 0
20091112 0
20091113 1.688705
20091114 2.568732
20091115 0
20091116 0
20091117 0
20091118 0
20091119 0
20091120 4.060852
20091121 0
20091122 0
20091123 0
20091124 0
20091125 0
20091126 0
20091127 0
20091128 0
20091129 0
20091130 3.174371
20091201 0
20091202 0
20091203 0
20091204 0
20091205 0
20091206 6.052625
20091207 0
20091208 0
20091209 0
20091210 0
20091211 0
20091212 0
20091213 0
20091214 0
20091215 0
20091216 0
20091217 5.053031
20091218 0
20091219 0
20091220 0
20091221 0
20091222 6.184038
20091223 6.184038
20091224 18.5485
20091225 0
20091226 0
20091227 0
20091228 0
20091229 8.668803
20091230 0
20091231 0
20100101 0
20100102 0
20100103 0
20100104 0
20100105 0
20100106 0
20100107 0
20100108 0
20100109 0
20100110 0
20100111 0
20100112 0
20100113 0
20100114 0
20100115 3.291088
20100116 0
20100117 0
20100118 0
20100119 0
20100120 3.985077
20100121 0
20100122 0
20100123 0
20100124 0
20100125 0
20100126 0
20100127 0
20100128 31.10085
20100129 25.50794
20100130 0
20100131 0
20100201 0
20100202 0
20100203 10.80875
20100204 12.32185
20100205 0
20100206 0
20100207 0
20100208 6.603121
20100209 0
20100210 25.86851
20100211 26.97636
20100212 0
20100213 0
20100214 0
20100215 0
20100216 0
20100217 0
20100218 0
20100219 0
20100220 0
20100221 0
20100222 0
20100223 0
20100224 0
20100225 0
20100226 0
20100227 0
20100228 0.5183812
20100301 19.68809
20100302 0
20100303 0
20100304 0
20100305 0
20100306 0
20100307 14.5461
20100308 0
20100309 0
20100310 6.212814
20100311 0
20100312 0
20100313 0
20100314 0
20100315 0
20100316 16.34254
20100317 0
20100318 0
20100319 0
20100320 17.49815
20100321 0
20100322 0
20100323 0
20100324 0
20100325 6.22158
20100326 0
20100327 0
20100328 0
20100329 0
20100330 0
20100331 0
20100401 0
20100402 1.708391
20100403 0
20100404 0
20100405 0
20100406 0
20100407 0.8969014
20100408 0
20100409 0
20100410 0
20100411 0
20100412 3.044954
20100413 0
20100414 0
20100415 1.07331
20100416 0
20100417 87.8159
20100418 0
20100419 0
20100420 0
20100421 0
20100422 4.801032
20100423 5.368736
20100424 4.801032
20100425 0
20100426 0
20100427 0
20100428 0
20100429 0
20100430 0
20100501 0
20100502 0
20100503 0
20100504 0
20100505 0
20100506 0
20100507 0
20100508 0
20100509 1.25924
20100510 2.516939
20100511 0
20100512 0
20100513 21.61578
20100514 54.03245
20100515 10.80361
20100516 0
20100517 2.378426
20100518 2.378426
20100519 0
20100520 0
20100521 0
20100522 0
20100523 0
20100524 0
20100525 0
20100526 0
20100527 0
20100528 0
20100529 0
20100530 0
20100531 0
20100601 0
20100602 2.348456
20100603 7.041422
20100604 0
20100605 0
20100606 0
20100607 0.8844311
20100608 0
20100609 0
20100610 0
20100611 0
20100612 0
20100613 0
20100614 0
20100615 37.52008
20100616 0
20100617 0
20100618 0
20100619 0
20100620 0
20100621 0
20100622 0
20100623 0
20100624 0
20100625 7.652662
20100626 0
20100627 0
20100628 22.57849
20100629 0
20100630 0
20100701 13.54629
20100702 0
20100703 13.54629
20100704 0
20100705 0
20100706 0
20100707 0
20100708 10.39155
20100709 5.976573
20100710 26.9283
20100711 0
20100712 6.701846
20100713 6.701846
20100714 0
20100715 0
20100716 0
20100717 0
20100718 0
20100719 0
20100720 0
20100721 0
20100722 0
20100723 0
20100724 0
20100725 0
20100726 0
20100727 10.50301
20100728 7.35172
20100729 0
20100730 0
20100731 0
20100801 0
20100802 0
20100803 0
20100804 0
20100805 0
20100806 0
20100807 14.92113
20100808 0
20100809 0
20100810 0
20100811 0
20100812 0
20100813 0
20100814 0
20100815 0
20100816 0
20100817 0
20100818 7.952976
20100819 0
20100820 0
20100821 0
20100822 0
20100823 0
20100824 0
20100825 0
20100826 0
20100827 0
20100828 0
20100829 0
20100830 0
20100831 0
20100901 0
20100902 23.49306
20100903 23.49306
20100904 0
20100905 0
20100906 0
20100907 32.29667
20100908 20.4249
20100909 0
20100910 0
20100911 4.835072
20100912 0.4692293
20100913 0
20100914 0
20100915 0
20100916 0
20100917 6.503742
20100918 0
20100919 0
20100920 0
20100921 0
20100922 0
20100923 0
20100924 0
20100925 61.32653
20100926 0
20100927 0
20100928 0
20100929 0
20100930 0
20101001 0
20101002 0
20101003 0
20101004 0
20101005 0
20101006 0
20101007 0
20101008 0
20101009 0
20101010 0
20101011 0
20101012 0
20101013 0
20101014 0
20101015 0
20101016 0
20101017 0
20101018 0
20101019 6.516855
20101020 0
20101021 0
20101022 5.563978
20101023 16.69519
20101024 0
20101025 0
20101026 4.885598
20101027 0
20101028 0
20101029 0
20101030 0
20101031 0
20101101 0
20101102 0
20101103 0
20101104 0
20101105 0
20101106 0
20101107 0
20101108 0
20101109 0
20101110 0
20101111 0
20101112 0
20101113 0
20101114 0
20101115 0
20101116 0
20101117 0
20101118 0
20101119 0
20101120 0
20101121 0
20101122 0
20101123 0
20101124 0
20101125 11.56877
20101126 0
20101127 0
20101128 0
20101129 0
20101130 0
20101201 0
20101202 0
20101203 0
20101204 0
20101205 0
20101206 0
20101207 0
20101208 0
20101209 0
20101210 0.3936379
20101211 2.609358
20101212 0
20101213 0
20101214 0
20101215 0
20101216 0
20101217 0
20101218 0
20101219 0
20101220 0
20101221 0
20101222 0
20101223 0
20101224 27.32478
20101225 0
20101226 0
20101227 0
20101228 0
20101229 0
20101230 11.61386
20101231 0
20110101 0
20110102 0
20110103 0
20110104 0
20110105 0
20110106 0
20110107 0
20110108 0
20110109 16.295
20110110 0
20110111 0
20110112 0
20110113 0
20110114 0
20110115 0
20110116 0
20110117 0
20110118 0
20110119 0
20110120 0
20110121 0
20110122 0
20110123 0
20110124 0
20110125 0
20110126 0
20110127 0
20110128 0
20110129 0
20110130 0
20110131 0
20110201 31.43568
20110202 0
20110203 0
20110204 0
20110205 0
20110206 3.527145
20110207 1.819133
20110208 0
20110209 0
20110210 0
20110211 0
20110212 0
20110213 0
20110214 0
20110215 0
20110216 0
20110217 0
20110218 0
20110219 0
20110220 0
20110221 0
20110222 0
20110223 0
20110224 0
20110225 0
20110226 0
20110227 0
20110228 0
20110301 0
20110302 0
20110303 0
20110304 0
20110305 0
20110306 0
20110307 0.795633
20110308 4.582147
20110309 0
20110310 0
20110311 0
20110312 0
20110313 0
20110314 0
20110315 0
20110316 0
20110317 0
20110318 0
20110319 0
20110320 0
20110321 0
20110322 0
20110323 0
20110324 0
20110325 0
20110326 0
20110327 0
20110328 0
20110329 3.361352
20110330 0
20110331 0
20110401 0
20110402 0
20110403 0
20110404 2.775341
20110405 0
20110406 0
20110407 0
20110408 0
20110409 0
20110410 0
20110411 16.83446
20110412 0
20110413 0
20110414 0
20110415 0
20110416 0
20110417 0
20110418 0
20110419 0
20110420 0
20110421 4.507736
20110422 8.66461
20110423 0
20110424 13.52971
20110425 13.52971
20110426 0
20110427 0
20110428 0
20110429 0
20110430 0
20110501 4.762592
20110502 17.87314
20110503 0
20110504 0
20110505 0
20110506 0
20110507 0
20110508 0
20110509 2.128436
20110510 4.259139
20110511 17.76522
20110512 7.937962
20110513 0
20110514 0
20110515 0
20110516 0
20110517 0
20110518 0
20110519 0
20110520 3.303947
20110521 0
20110522 0
20110523 7.938537
20110524 15.87362
20110525 0
20110526 0
20110527 0
20110528 0
20110529 0
20110530 0
20110531 0
20110601 4.076255
20110602 0
20110603 0
20110604 0
20110605 0
20110606 0
20110607 0
20110608 0
20110609 0
20110610 0
20110611 0
20110612 0
20110613 0
20110614 0
20110615 3.537099
20110616 0
20110617 0
20110618 0
20110619 0
20110620 0
20110621 18.68911
20110622 27.02002
20110623 0
20110624 0
20110625 0
20110626 0
20110627 0
20110628 0
20110629 0
20110630 0
20110701 0
20110702 0
20110703 0
20110704 0
20110705 0
20110706 0
20110707 0
20110708 0
20110709 2.298146
20110710 0
20110711 0
20110712 0
20110713 1.222545
20110714 0
20110715 0
20110716 0
20110717 3.93965
20110718 0
20110719 0
20110720 0
20110721 0
20110722 0
20110723 0
20110724 0
20110725 0
20110726 0
20110727 0
20110728 0
20110729 0
20110730 0
20110731 0
20110801 0
20110802 0
20110803 0
20110804 0
20110805 0
20110806 0
20110807 0
20110808 0
20110809 0
20110810 0
20110811 0
20110812 5.994492
20110813 22.8886
20110814 0
20110815 0
20110816 0
20110817 0
20110818 0
20110819 0
20110820 0
20110821 0
20110822 0
20110823 0
20110824 0
20110825 0
20110826 0
20110827 0
20110828 0
20110829 0
20110830 0
20110831 0
20110901 0
20110902 0
20110903 0
20110904 0
20110905 0
20110906 0
20110907 0
20110908 0
20110909 0
20110910 0
20110911 0
20110912 0
20110913 0
20110914 0
20110915 0
20110916 1.579926
20110917 1.947039
20110918 12.04071
20110919 0
20110920 0
20110921 0
20110922 6.699876
20110923 0
20110924 0
20110925 0
20110926 0
20110927 0
20110928 0
20110929 0
20110930 0
20111001 0
20111002 0
20111003 0
20111004 0
20111005 0
20111006 0
20111007 0
20111008 40.2424
20111009 120.7237
20111010 0
20111011 0
20111012 0
20111013 0
20111014 0
20111015 0
20111016 0
20111017 0
20111018 0
20111019 0
20111020 0
20111021 0
20111022 0
20111023 0
20111024 0
20111025 0
20111026 0
20111027 0
20111028 0
20111029 0
20111030 0
20111031 0
20111101 0
20111102 0
20111103 0
20111104 0
20111105 0
20111106 0
20111107 7.751003
20111108 7.751003
20111109 0
20111110 0
20111111 0
20111112 0
20111113 0
20111114 0
20111115 0
20111116 0
20111117 0
20111118 0
20111119 0
20111120 2.588867
20111121 18.3134
20111122 0
20111123 0
20111124 0
20111125 0
20111126 0
20111127 0
20111128 0
20111129 0
20111130 0
20111201 0
20111202 12.1974
20111203 0
20111204 21.37427
20111205 4.322557
20111206 0
20111207 0
20111208 0
20111209 0
20111210 0
20111211 2.755853
20111212 0
20111213 0.5381812
20111214 0
20111215 10.66574
20111216 0
20111217 0
20111218 0
20111219 6.157916
20111220 0
20111221 0
20111222 3.984591
20111223 0
20111224 0
20111225 0
20111226 0
20111227 0
20111228 0
20111229 0
20111230 0
20111231 0
20120101 0
20120102 0
20120103 0
20120104 0
20120105 0
20120106 0
20120107 0
20120108 0
20120109 34.36695
20120110 0
20120111 0
20120112 0
20120113 0
20120114 0
20120115 0
20120116 0
20120117 0
20120118 0
20120119 0
20120120 0
20120121 0
20120122 0
20120123 0
20120124 0
20120125 62.85489
20120126 0
20120127 0
20120128 0
20120129 0
20120130 0
20120131 0
20120201 0
20120202 0
20120203 0
20120204 0
20120205 0
20120206 0
20120207 0
20120208 0
20120209 0
20120210 3.591264
20120211 0
20120212 0
20120213 0
20120214 0
20120215 0
20120216 0
20120217 0
20120218 32.57695
20120219 0
20120220 0
20120221 0
20120222 0
20120223 0
20120224 0
20120225 0
20120226 0
20120227 0
20120228 0
20120229 0
20120301 0
20120302 0
20120303 0
20120304 0
20120305 0
20120306 0
20120307 0
20120308 5.317589
20120309 3.816994
20120310 5.884818
20120311 10.62232
20120312 0
20120313 0
20120314 2.216962
20120315 0
20120316 0
20120317 7.553563
20120318 15.10449
20120319 11.08499
20120320 37.76235
20120321 0
20120322 0
20120323 0
20120324 0
20120325 0
20120326 0
20120327 0
20120328 0
20120329 0
20120330 0
20120331 0
20120401 0
20120402 0
20120403 13.83748
20120404 0
20120405 0
20120406 0
20120407 0
20120408 3.920387
20120409 0
20120410 3.656356
20120411 0
20120412 3.142459
20120413 0
20120414 0
20120415 6.286934
20120416 0
20120417 0
20120418 0
20120419 0
20120420 6.785181
20120421 0
20120422 0
20120423 0
20120424 0
20120425 0
20120426 1.698527
20120427 0
20120428 0
20120429 1.698527
20120430 0.8741845
20120501 3.2648
20120502 0
20120503 0
20120504 1.633964
20120505 3.2648
20120506 5.755549
20120507 5.755549
20120508 5.484751
20120509 0.7605882
20120510 1.919394
20120511 11.54232
20120512 0
20120513 0
20120514 3.049716
20120515 0
20120516 0
20120517 0
20120518 0
20120519 0
20120520 0
20120521 2.816039
20120522 0
20120523 0
20120524 0
20120525 0
20120526 0
20120527 0
20120528 0
20120529 5.741103
20120530 4.847387
20120531 17.30166
20120601 0
20120602 8.892959
20120603 0
20120604 0
20120605 8.892959
20120606 2.291149
20120607 11.44514
20120608 0
20120609 0
20120610 0
20120611 0
20120612 6.982841
20120613 13.96712
20120614 0
20120615 13.96712
20120616 0
20120617 6.098346
20120618 2.230826
20120619 0
20120620 0
20120621 0
20120622 0
20120623 0
20120624 0
20120625 0
20120626 0
20120627 0
20120628 0
20120629 0
20120630 0
20120701 0
20120702 0
20120703 0
20120704 0
20120705 0
20120706 0
20120707 0
20120708 0
20120709 6.974268
20120710 0
20120711 3.226968
20120712 0
20120713 0
20120714 0
20120715 3.226968
20120716 0
20120717 0
20120718 0
20120719 0
20120720 0
20120721 0.9368273
20120722 0
20120723 0
20120724 0
20120725 0
20120726 0
20120727 9.912991
20120728 1.240174
20120729 0
20120730 0
20120731 0
20120801 0
20120802 0
20120803 0
20120804 0
20120805 0
20120806 0
20120807 0
20120808 0
20120809 0
20120810 0
20120811 0
20120812 0
20120813 0
20120814 0
20120815 64.03911
20120816 22.33199
20120817 0
20120818 0
20120819 22.33199
20120820 0
20120821 0
20120822 0
20120823 0
20120824 0
20120825 0
20120826 0
20120827 0
20120828 0
20120829 0
20120830 0
20120831 0
20120901 0
20120902 0
20120903 0
20120904 0
20120905 0
20120906 0
20120907 0
20120908 0
20120909 0
20120910 0
20120911 0
20120912 0
20120913 38.01563
20120914 0
20120915 0
20120916 8.364351
20120917 0
20120918 0.6396328
20120919 0
20120920 0
20120921 0
20120922 0
20120923 0
20120924 0
20120925 0
20120926 0
20120927 36.79211
20120928 4.313782
20120929 11.51175
20120930 0
20121001 0
20121002 0
20121003 0
20121004 0
20121005 0
20121006 0.7053667
20121007 0
20121008 0
20121009 0
20121010 0
20121011 0
20121012 0
20121013 0
20121014 21.05169
20121015 0
20121016 0
20121017 3.975401
20121018 0
20121019 0
20121020 0
20121021 0
20121022 3.684832
20121023 0
20121024 0
20121025 0
20121026 1.929956
20121027 0
20121028 0
20121029 0
20121030 0
20121031 0
20121101 0
20121102 0
20121103 0
20121104 0
20121105 0
20121106 0
20121107 0
20121108 0
20121109 0
20121110 1.977473
20121111 3.935411
20121112 0
20121113 0
20121114 0
20121115 0
20121116 0
20121117 0
20121118 0
20121119 0
20121120 0
20121121 0
20121122 0
20121123 0
20121124 0
20121125 0
20121126 0
20121127 0
20121128 0
20121129 0
20121130 0
20121201 0
20121202 0
20121203 0
20121204 0
20121205 0
20121206 0
20121207 1.587096
20121208 0
20121209 0
20121210 0
20121211 0
20121212 0
20121213 0
20121214 5.910987
20121215 0
20121216 2.076272
20121217 0
20121218 0
20121219 2.076272
20121220 1.035835
20121221 0
20121222 0
20121223 2.332058
20121224 0
20121225 2.388848
20121226 0
20121227 4.076283
20121228 0
20121229 0
20121230 7.066869
20121231 4.076283
20130101 0
20130102 0
20130103 0
20130104 0
20130105 0
20130106 0
20130107 1.664641
20130108 0
20130109 32.33638
20130110 4.619376
20130111 0
20130112 0
20130113 0
20130114 0
20130115 0
20130116 0
20130117 0
20130118 0
20130119 0
20130120 0
20130121 0
20130122 0
20130123 0
20130124 0
20130125 0
20130126 2.463747
20130127 2.035179
20130128 0
20130129 4.927402
20130130 0
20130131 0
20130201 0
20130202 0
20130203 0
20130204 0
20130205 0
20130206 0
20130207 0
20130208 0
20130209 13.01317
20130210 0
20130211 0
20130212 1.217612
20130213 0
20130214 0
20130215 0
20130216 0
20130217 0
20130218 0
20130219 0
20130220 13.82057
20130221 4.111175
20130222 0
20130223 0
20130224 0
20130225 4.111175
20130226 0
20130227 0
20130228 0
20130301 0
20130302 0
20130303 0
20130304 0
20130305 0
20130306 1.030115
20130307 0
20130308 3.159231
20130309 2.949165
20130310 3.616323
20130311 0
20130312 0
20130313 0
20130314 0
20130315 0
20130316 0
20130317 0
20130318 0
20130319 1.724737
20130320 0
20130321 0
20130322 0
20130323 4.438739
20130324 0
20130325 0
20130326 0
20130327 0
20130328 0
20130329 0
20130330 15.3029
20130331 0
20130401 0
20130402 16.20115
20130403 21.50442
20130404 0
20130405 0
20130406 0
20130407 0
20130408 0
20130409 0
20130410 18.3636
20130411 1.766613
20130412 0
20130413 0
20130414 0
20130415 0
20130416 0
20130417 0
20130418 0
20130419 0
20130420 0
20130421 0
20130422 0
20130423 0
20130424 0
20130425 0
20130426 0
20130427 0
20130428 0
20130429 0
20130430 0
20130501 0
20130502 4.295117
20130503 0
20130504 0
20130505 0
20130506 0
20130507 1.546482
20130508 0
20130509 4.372366
20130510 2.004915
20130511 0
20130512 0
20130513 0
20130514 0
20130515 2.270331
20130516 4.959563
20130517 0
20130518 4.959563
20130519 2.482339
20130520 0
20130521 3.186031
20130522 0
20130523 0
20130524 17.97739
20130525 9.557681
20130526 3.695718
20130527 0
20130528 0
20130529 10.04798
20130530 0
20130531 0
20130601 0
20130602 0
20130603 0
20130604 0
20130605 3.415133
20130606 23.26185
20130607 0
20130608 0
20130609 8.254606
20130610 0
20130611 0
20130612 0
20130613 0
20130614 0
20130615 0
20130616 0
20130617 16.31864
20130618 24.47771
20130619 8.159078
20130620 8.159078
20130621 0
20130622 0
20130623 0
20130624 0
20130625 0
20130626 0
20130627 0
20130628 2.709951
20130629 0
20130630 0
20130701 0
20130702 0
20130703 0
20130704 0
20130705 0
20130706 0
20130707 0
20130708 0
20130709 0
20130710 0
20130711 0
20130712 0
20130713 0
20130714 0
20130715 11.0693
20130716 29.65288
20130717 13.83548
20130718 13.83548
20130719 0
20130720 0
20130721 0
20130722 0
20130723 0
20130724 0
20130725 6.535727
20130726 10.44208
20130727 0
20130728 0
20130729 0
20130730 7.176824
20130731 0
20130801 0
20130802 0
20130803 0
20130804 0
20130805 0
20130806 0
20130807 0
20130808 0
20130809 6.842338
20130810 0
20130811 0
20130812 0
20130813 0
20130814 29.85842
20130815 0
20130816 16.22159
20130817 0
20130818 0
20130819 0
20130820 0
20130821 0
20130822 0
20130823 0
20130824 7.983823
20130825 0
20130826 0
20130827 0
20130828 0
20130829 0
20130830 0
20130831 0
20130901 0
20130902 0
20130903 0
20130904 0
20130905 0
20130906 0
20130907 0
20130908 0
20130909 0
20130910 0
20130911 0
20130912 0
20130913 0
20130914 0
20130915 0
20130916 0
20130917 0
20130918 0
20130919 0
20130920 51.1107
20130921 0
20130922 0
20130923 0
20130924 0
20130925 0
20130926 0
20130927 0
20130928 0
20130929 0
20130930 0
20131001 0
20131002 0
20131003 0.4435944
20131004 0
20131005 25.29155
20131006 6.814604
20131007 0
20131008 0
20131009 0.3011623
20131010 0
20131011 0
20131012 0
20131013 0
20131014 4.926608
20131015 2.441931
20131016 5.813686
20131017 0
20131018 0
20131019 0
20131020 0
20131021 8.132565
20131022 0
20131023 0
20131024 0
20131025 0
20131026 8.171573
20131027 0
20131028 0
20131029 0
20131030 9.214682
20131031 0
20131101 0
20131102 0
20131103 0
20131104 2.053436
20131105 0
20131106 0
20131107 0
20131108 0
20131109 0.6656237
20131110 0
20131111 0
20131112 0
20131113 0
20131114 0
20131115 0
20131116 0
20131117 0
20131118 0
20131119 1.622915
20131120 0
20131121 0
20131122 0
20131123 0
20131124 37.84261
20131125 0
20131126 0
20131127 0
20131128 0
20131129 0
20131130 0
20131201 0
20131202 0
20131203 0
20131204 0
20131205 2.246562
20131206 14.39407
20131207 0
20131208 0
20131209 0
20131210 0
20131211 0
20131212 0
20131213 0
20131214 0
20131215 0
20131216 0
20131217 0
20131218 0
20131219 0.5103177
20131220 4.028022
20131221 35.05819
20131222 0
20131223 0
20131224 0
20131225 0
20131226 0
20131227 0
20131228 0
20131229 0
20131230 0
20131231 0
20140101 0
20140102 0
20140103 0
20140104 0
20140105 0
20140106 0
20140107 0
20140108 0
20140109 0
20140110 6.014759
20140111 0
20140112 0
20140113 0
20140114 0
20140115 0
20140116 0
20140117 3.059403
20140118 0
20140119 0
20140120 0
20140121 0
20140122 0.6965353
20140123 0
20140124 0
20140125 0
20140126 0
20140127 0
20140128 0
20140129 0
20140130 0
20140131 0
20140201 0
20140202 7.280423
20140203 0
20140204 8.647108
20140205 0
20140206 0
20140207 0
20140208 0
20140209 0
20140210 0
20140211 0
20140212 0
20140213 0
20140214 0
20140215 0
20140216 0
20140217 0
20140218 0
20140219 0
20140220 3.798986
20140221 0
20140222 0
20140223 0
20140224 0
20140225 2.50453
20140226 0
20140227 0
20140228 0
20140301 0
20140302 0
20140303 2.52867
20140304 7.349392
20140305 0
20140306 0
20140307 5.354816
20140308 0
20140309 0
20140310 0
20140311 0
20140312 0
20140313 0
20140314 0
20140315 12.60123
20140316 0
20140317 0
20140318 0
20140319 0
20140320 0
20140321 0
20140322 0
20140323 0
20140324 0
20140325 0
20140326 0
20140327 0
20140328 2.296815
20140329 0
20140330 0
20140331 0
20140401 0
20140402 6.723484
20140403 0
20140404 0
20140405 11.87083
20140406 0
20140407 0
20140408 0
20140409 0
20140410 0
20140411 0
20140412 0
20140413 10.35731
20140414 0
20140415 0
20140416 0
20140417 0
20140418 0
20140419 3.5335
20140420 8.193259
20140421 0
20140422 0
20140423 0
20140424 14.03504
20140425 0
20140426 0
20140427 0
20140428 0
20140429 0
20140430 0
20140501 0
20140502 0
20140503 0
20140504 0
20140505 0
20140506 0
20140507 4.297247
20140508 8.596549
20140509 0
20140510 0
20140511 0
20140512 3.433378
20140513 17.1705
20140514 0
20140515 0
20140516 0
20140517 0
20140518 0
20140519 0
20140520 0
20140521 0
20140522 1.377888
20140523 1.762647
20140524 2.005154
20140525 12.32609
20140526 13.09573
20140527 6.962087
20140528 0
20140529 0
20140530 0
20140531 0
20140601 0
20140602 0
20140603 0
20140604 0
20140605 0
20140606 0
20140607 0
20140608 26.82138
20140609 13.41173
20140610 0
20140611 0
20140612 7.634687
20140613 0
20140614 4.363053
20140615 0
20140616 0
20140617 0
20140618 0
20140619 4.427644
20140620 2.053132
20140621 0
20140622 0
20140623 28.20103
20140624 28.20103
20140625 7.84444
20140626 6.482553
20140627 0
20140628 3.22802
20140629 0
20140630 0
20140701 1.202373
20140702 7.552927
20140703 20.21624
20140704 0
20140705 0
20140706 0.9543195
20140707 0
20140708 0
20140709 0
20140710 0
20140711 0
20140712 0
20140713 0
20140714 0
20140715 0
20140716 0
20140717 44.74994
20140718 0
20140719 0
20140720 0
20140721 0
20140722 2.384067
20140723 0
20140724 3.342024
20140725 0
20140726 0
20140727 0
20140728 0
20140729 0
20140730 0
20140731 0
20140801 0
20140802 0
20140803 0
20140804 0
20140805 0
20140806 0
20140807 0
20140808 11.81095
20140809 0
20140810 0
20140811 17.55524
20140812 0
20140813 0
20140814 0
20140815 4.671518
20140816 0
20140817 0
20140818 0
20140819 0
20140820 0
20140821 0
20140822 0
20140823 0
20140824 0
20140825 0
20140826 0
20140827 0
20140828 0
20140829 34.93486
20140830 0
20140831 0
20140901 0
20140902 0
20140903 0
20140904 0
20140905 0
20140906 0
20140907 0
20140908 0
20140909 0
20140910 0
20140911 0
20140912 0.7910046
20140913 0
20140914 0
20140915 0
20140916 0
20140917 0
20140918 27.64551
20140919 0
20140920 0
20140921 0
20140922 0
20140923 0
20140924 0
20140925 0
20140926 0
20140927 0
20140928 0
20140929 0
20140930 0
20141001 0
20141002 0
20141003 0
20141004 0
20141005 0
20141006 0
20141007 0
20141008 0
20141009 0
20141010 0
20141011 15.18185
20141012 0
20141013 30.36564
20141014 0
20141015 0
20141016 0
20141017 0
20141018 0
20141019 0
20141020 0
20141021 0
20141022 0
20141023 0
20141024 0
20141025 0
20141026 0
20141027 0
20141028 18.87258
20141029 0
20141030 0
20141031 0
20141101 0
20141102 0
20141103 0
20141104 28.8432
20141105 17.21723
20141106 0
20141107 0
20141108 0
20141109 0
20141110 0
20141111 0
20141112 0
20141113 0
20141114 0
20141115 0
20141116 1.508744
20141117 0
20141118 0
20141119 0
20141120 0
20141121 0
20141122 17.17406
20141123 17.17406
20141124 0
20141125 0
20141126 0
20141127 0
20141128 0
20141129 0
20141130 0
20141201 0
20141202 0
20141203 0
20141204 3.047253
20141205 0
20141206 0
20141207 0
20141208 0
20141209 0
20141210 0
20141211 0
20141212 0
20141213 0
20141214 0
20141215 0
20141216 0
20141217 13.93747
20141218 0
20141219 0
20141220 0
20141221 0
20141222 3.982607
20141223 6.537599
20141224 0
20141225 0
20141226 0
20141227 0
20141228 2.556562
20141229 0
20141230 0
20141231 0
20150101 2.093491
20150102 10.05348
20150103 10.05348
20150104 0
20150105 0
20150106 0
20150107 0
20150108 0
20150109 0
20150110 0
20150111 0
20150112 0
20150113 1.229611
20150114 1.229611
20150115 0.5919855
20150116 0
20150117 0
20150118 0
20150119 0
20150120 0
20150121 9.79212
20150122 9.79212
20150123 0
20150124 0
20150125 0
20150126 0
20150127 0
20150128 0
20150129 0
20150130 0
20150131 1.057067
20150201 6.814903
20150202 0
20150203 0
20150204 0
20150205 0
20150206 0
20150207 0
20150208 0
20150209 0
20150210 0
20150211 0
20150212 0
20150213 0
20150214 0
20150215 0
20150216 0
20150217 0
20150218 0
20150219 0
20150220 0
20150221 0
20150222 19.94858
20150223 0
20150224 25.33776
20150225 8.446805
20150226 0
20150227 0
20150228 0
20150301 0
20150302 0
20150303 0
20150304 1.833735
20150305 1.833735
20150306 0
20150307 0
20150308 0
20150309 15.06076
20150310 0
20150311 0
20150312 0
20150313 0
20150314 0
20150315 0
20150316 0
20150317 3.330134
20150318 13.32554
20150319 0
20150320 6.664162
20150321 17.82367
20150322 0
20150323 0
20150324 0
20150325 0
20150326 0
20150327 0
20150328 0
20150329 0
20150330 0
20150331 0
20150401 0
20150402 0
20150403 0
20150404 0
20150405 9.032153
20150406 1.614172
20150407 0
20150408 3.232411
20150409 2.310172
20150410 3.232411
20150411 7.853899
20150412 0
20150413 2.618598
20150414 0
20150415 0
20150416 7.445143
20150417 7.445143
20150418 13.43067
20150419 7.445143
20150420 0
20150421 0
20150422 0
20150423 19.14243
20150424 17.20717
20150425 0
20150426 2.743504
20150427 20.58294
20150428 0
20150429 0
20150430 0
20150501 0
20150502 0
20150503 0
20150504 0
20150505 0
20150506 2.242622
20150507 18.17657
20150508 12.119
20150509 24.24006
20150510 30.29498
20150511 0
20150512 11.18488
20150513 11.18488
20150514 0
20150515 13.23248
20150516 0
20150517 26.7737
20150518 0
20150519 20.08307
20150520 26.7737
20150521 4.80358
20150522 0
20150523 0
20150524 26.19802
20150525 14.40332
20150526 20.17254
20150527 40.3406
20150528 0
20150529 40.3406
20150530 20.17254
20150531 0
20150601 0
20150602 0
20150603 0
20150604 0
20150605 0
20150606 0
20150607 0
20150608 0
20150609 0
20150610 0
20150611 0
20150612 0
20150613 0
20150614 0
20150615 0
20150616 0
20150617 56.71284
20150618 0
20150619 0
20150620 0
20150621 0
20150622 6.409832
20150623 0
20150624 0
20150625 0
20150626 0
20150627 7.361162
20150628 0
20150629 7.361162
20150630 0.7103012
20150701 0
20150702 0
20150703 6.560297
20150704 0.8526795
20150705 0
20150706 0
20150707 66.27133
20150708 16.35494
20150709 0
20150710 0
20150711 0
20150712 0
20150713 0
20150714 0
20150715 0
20150716 0
20150717 0
20150718 0
20150719 0
20150720 0
20150721 0
20150722 0
20150723 0
20150724 0
20150725 0
20150726 0
20150727 0
20150728 0
20150729 0
20150730 0
20150731 0
20150801 6.992667
20150802 0
20150803 0
20150804 0
20150805 0
20150806 0
20150807 0
20150808 0
20150809 0
20150810 0
20150811 0
20150812 0
20150813 0
20150814 0.643705
20150815 0
20150816 0
20150817 0
20150818 0
20150819 0
20150820 9.279309
20150821 0
20150822 0
20150823 0
20150824 4.239273
20150825 2.842853
20150826 8.16296
20150827 0
20150828 0
20150829 0
20150830 2.440925
20150831 0
20150901 0
20150902 0
20150903 0
20150904 0
20150905 0
20150906 0
20150907 0
20150908 0
20150909 17.74895
20150910 0
20150911 0
20150912 6.706788
20150913 0
20150914 0
20150915 0
20150916 0
20150917 0
20150918 0
20150919 0
20150920 2.967215
20150921 0
20150922 0
20150923 0
20150924 0
20150925 0
20150926 0
20150927 0
20150928 0
20150929 0
20150930 0
20151001 0
20151002 0
20151003 0
20151004 0
20151005 0
20151006 0
20151007 0
20151008 0
20151009 0
20151010 0
20151011 0
20151012 0
20151013 0
20151014 0
20151015 0
20151016 0
20151017 0
20151018 0
20151019 0
20151020 0
20151021 0
20151022 17.18169
20151023 40.61906
20151024 68.72467
20151025 0
20151026 0
20151027 0
20151028 0
20151029 0
20151030 69.06525
20151031 0
20151101 0
20151102 0
20151103 0
20151104 0
20151105 0
20151106 0
20151107 0
20151108 0
20151109 0
20151110 0
20151111 0
20151112 0
20151113 0
20151114 0
20151115 9.959301
20151116 37.81261
20151117 0
20151118 0
20151119 0
20151120 0
20151121 0
20151122 0
20151123 0
20151124 3.196131
20151125 0
20151126 14.93298
20151127 62.89876
20151128 12.25813
20151129 20.96646
20151130 0
20151201 0
20151202 0
20151203 0
20151204 0
20151205 0
20151206 0
20151207 0
20151208 0
20151209 0
20151210 0
20151211 0
20151212 11.40188
20151213 11.40188
20151214 0
20151215 0
20151216 0
20151217 0
20151218 0
20151219 0
20151220 3.012627
20151221 2.995567
20151222 0
20151223 0
20151224 0
20151225 0
20151226 21.66155
20151227 8.858457
20151228 0
20151229 0
20151230 0
20151231 0
20160101 1.17135
20160102 0
20160103 0
20160104 0
20160105 4.06826
20160106 0
20160107 0
20160108 0
20160109 0
20160110 0
20160111 0
20160112 0
20160113 0
20160114 0
20160115 0
20160116 2.206807
20160117 0
20160118 0
20160119 0.6074045
20160120 0
20160121 1.731629
20160122 0
20160123 0
20160124 0
20160125 0
20160126 3.896467
20160127 0
20160128 0
20160129 0
20160130 0
20160131 0
20160201 0
20160202 0
20160203 0
20160204 0
20160205 0
20160206 0
20160207 0
20160208 0
20160209 0
20160210 0
20160211 0
20160212 0
20160213 0
20160214 0
20160215 0
20160216 0
20160217 0
20160218 0
20160219 0
20160220 0
20160221 17.03978
20160222 8.521166
20160223 8.521166
20160224 0
20160225 0
20160226 0
20160227 0
20160228 0
20160229 0
20160301 0
20160302 0
20160303 0
20160304 0
20160305 0
20160306 0
20160307 15.17635
20160308 24.15534
20160309 30.35135
20160310 15.17635
20160311 9.091408
20160312 0
20160313 0
20160314 0
20160315 0
20160316 0
20160317 0
20160318 0
20160319 0
20160320 0
20160321 0
20160322 0
20160323 0
20160324 0
20160325 0
20160326 0
20160327 0
20160328 0
20160329 0
20160330 6.953531
20160331 0
20160401 0
20160402 0
20160403 0
20160404 0
20160405 0
20160406 0
20160407 0
20160408 13.40313
20160409 13.40313
20160410 0
20160411 0
20160412 12.10572
20160413 12.10572
20160414 0
20160415 0
20160416 0
20160417 44.08324
20160418 11.02237
20160419 0
20160420 22.04357
20160421 24.0083
20160422 0
20160423 0
20160424 0
20160425 0
20160426 0
20160427 24.48628
20160428 0
20160429 0
20160430 0
20160501 0
20160502 6.453655
20160503 0
20160504 0
20160505 0
20160506 0
20160507 0
20160508 2.458043
20160509 35.79665
20160510 0
20160511 7.332987
20160512 18.32887
20160513 0
20160514 10.99867
20160515 0
20160516 0
20160517 0
20160518 0
20160519 0
20160520 0
20160521 0
20160522 0
20160523 18.05239
20160524 0
20160525 0
20160526 6.760285
20160527 33.80856
20160528 0
20160529 20.28606
20160530 21.07653
20160531 25.49045
20160601 5.721305
20160602 23.45444
20160603 7.816782
20160604 1.71349
20160605 0
20160606 0
20160607 0
20160608 0
20160609 0
20160610 0
20160611 0
20160612 13.0359
20160613 6.514995
20160614 0
20160615 0
20160616 0
20160617 0
20160618 0
20160619 0
20160620 0
20160621 0
20160622 0
20160623 0
20160624 0
20160625 0
20160626 0
20160627 0
20160628 0
20160629 0
20160630 0
20160701 0
20160702 0
20160703 7.315058
20160704 12.49348
20160705 14.54041
20160706 0
20160707 0
20160708 0
20160709 14.37968
20160710 14.37968
20160711 0
20160712 0
20160713 0
20160714 0
20160715 0
20160716 12.65285
20160717 0
20160718 0
20160719 0
20160720 0
20160721 0
20160722 0
20160723 0
20160724 0
20160725 0
20160726 0
20160727 0
20160728 0
20160729 0
20160730 0
20160731 0
20160801 0
20160802 0
20160803 0
20160804 0
20160805 0
20160806 0
20160807 0
20160808 0
20160809 6.568976
20160810 0
20160811 0
20160812 0
20160813 15.33843
20160814 0
20160815 0
20160816 0
20160817 0
20160818 50.05973
20160819 37.54358
20160820 13.38321
20160821 0
20160822 0
20160823 10.56396
20160824 0
20160825 0
20160826 3.119022
20160827 0
20160828 0
20160829 0
20160830 0
20160831 3.401624
20160901 0
20160902 0
20160903 0
20160904 0
20160905 0
20160906 0
20160907 0
20160908 0
20160909 0
20160910 17.11631
20160911 0
20160912 0
20160913 0
20160914 7.935549
20160915 10.64483
20160916 3.436195
20160917 3.436195
20160918 3.637212
20160919 0
20160920 0
20160921 0
20160922 0
20160923 0
20160924 0
20160925 45.01624
20160926 0
20160927 11.91091
20160928 0
20160929 0
20160930 0
20161001 0
20161002 0
20161003 0
20161004 0
20161005 0
20161006 0
20161007 24.59168
20161008 0
20161009 0
20161010 0
20161011 0
20161012 0
20161013 0
20161014 21.54476
20161015 0
20161016 0
20161017 0
20161018 0
20161019 0
20161020 20.46623
20161021 0
20161022 0
20161023 0
20161024 0
20161025 4.708332
20161026 0
20161027 0
20161028 0
20161029 0
20161030 0
20161031 0
20161101 0
20161102 0
20161103 38.82973
20161104 0
20161105 0
20161106 0
20161107 19.80047
20161108 8.17591
20161109 0
20161110 0
20161111 0
20161112 0
20161113 0
20161114 0
20161115 0
20161116 0
20161117 0
20161118 0
20161119 0
20161120 0
20161121 0
20161122 5.603293
20161123 0
20161124 0
20161125 0
20161126 0
20161127 0
20161128 0
20161129 0
20161130 0
20161201 0
20161202 0
20161203 12.23897
20161204 6.434601
20161205 0
20161206 0
20161207 1.026891
20161208 4.101915
20161209 0
20161210 0
20161211 1.893131
20161212 0
20161213 0.2153716
20161214 0
20161215 0
20161216 0
20161217 2.17608
20161218 0
20161219 0
20161220 0
20161221 0
20161222 0
20161223 0
20161224 0
20161225 0
20161226 0
20161227 0
20161228 0
20161229 0.1746516
20161230 3.713917
20161231 0
20170101 0
20170102 0
20170103 9.350175
20170104 0
20170105 0
20170106 0
20170107 0
20170108 0
20170109 0
20170110 2.291309
20170111 0
20170112 0
20170113 0
20170114 9.2935
20170115 0
20170116 19.42437
20170117 0
20170118 2.349213
20170119 0
20170120 0
20170121 0
20170122 0
20170123 0
20170124 0
20170125 0
20170126 0
20170127 0
20170128 0
20170129 0
20170130 0
20170131 0
20170201 0
20170202 0
20170203 0
20170204 0
20170205 2.167517
20170206 0
20170207 0
20170208 0
20170209 0
20170210 0
20170211 0
20170212 0
20170213 0
20170214 26.55213
20170215 0
20170216 0
20170217 0
20170218 0
20170219 0
20170220 31.27311
20170221 0
20170222 0
20170223 0
20170224 0
20170225 0
20170226 0
20170227 0
20170228 5.81275
20170301 1.808568
20170302 0
20170303 0
20170304 0
20170305 3.621594
20170306 0
20170307 0
20170308 0
20170309 0
20170310 0
20170311 0
20170312 3.247343
20170313 0
20170314 0
20170315 0
20170316 0
20170317 0
20170318 0
20170319 0
20170320 0
20170321 0
20170322 0
20170323 0
20170324 0
20170325 0
20170326 0
20170327 0
20170328 0
20170329 20.59569
20170330 0
20170331 0
20170401 0
20170402 35.6667
20170403 0
20170404 0
20170405 0
20170406 0
20170407 0
20170408 0
20170409 0
20170410 0
20170411 0
20170412 0
20170413 2.466578
20170414 6.629934
20170415 0
20170416 0
20170417 9.828985
20170418 4.91413
20170419 0
20170420 0
20170421 0
20170422 0
20170423 0
20170424 0
20170425 0
20170426 0
20170427 0
20170428 5.282699
20170429 0
20170430 0
20170501 0
20170502 0
20170503 0
20170504 0
20170505 0
20170506 0
20170507 0
20170508 0
20170509 0
20170510 0
20170511 9.704398
20170512 0
20170513 0
20170514 0
20170515 0
20170516 0
20170517 5.688167
20170518 0
20170519 19.21208
20170520 9.520772
20170521 1.658832
20170522 4.757929
20170523 7.133955
20170524 0
20170525 0
20170526 0
20170527 0
20170528 5.653199
20170529 3.255895
20170530 0
20170531 0
20170601 9.28075
20170602 23.6725
20170603 6.38728
20170604 3.64908
20170605 3.457759
20170606 0
20170607 0
20170608 0
20170609 23.4046
20170610 0
20170611 0
20170612 0
20170613 0
20170614 0
20170615 0.1980233
20170616 5.651809
20170617 0
20170618 0
20170619 0
20170620 0
20170621 0
20170622 0
20170623 0
20170624 29.45516
20170625 0
20170626 0
20170627 0
20170628 0
20170629 0
20170630 0
20170701 19.95682
20170702 0
20170703 0
20170704 13.30515
20170705 12.1701
20170706 0
20170707 0
20170708 0
20170709 0
20170710 4.895329
20170711 0
20170712 0
20170713 0
20170714 0
20170715 0
20170716 0
20170717 0
20170718 0
20170719 0
20170720 0
20170721 0
20170722 2.830319
20170723 0
20170724 20.02132
20170725 0
20170726 0
20170727 0
20170728 0
20170729 0
20170730 0
20170731 0
20170801 0
20170802 0
20170803 0
20170804 0
20170805 0
20170806 5.281569
20170807 15.84518
20170808 0
20170809 0
20170810 0
20170811 13.41777
20170812 13.41777
20170813 15.95604
20170814 26.83098
20170815 0
20170816 0
20170817 0
20170818 9.244165
20170819 9.244165
20170820 9.244165
20170821 0
20170822 0
20170823 11.44108
20170824 0
20170825 0
20170826 0
20170827 0
20170828 0
20170829 0
20170830 0
20170831 0
20170901 0
20170902 0
20170903 0
20170904 0
20170905 0
20170906 0
20170907 0
20170908 0
20170909 0
20170910 0
20170911 0
20170912 0
20170913 0
20170914 0
20170915 0
20170916 0
20170917 0
20170918 0
20170919 0
20170920 36.62486
20170921 27.64791
20170922 0
20170923 0
20170924 0
20170925 0
20170926 0
20170927 0
20170928 0
20170929 0
20170930 16.85078
20171001 0
20171002 0
20171003 0
20171004 0
20171005 0
20171006 0
20171007 0
20171008 0
20171009 0
20171010 0
20171011 0
20171012 0
20171013 0
20171014 0
20171015 0
20171016 0
20171017 0
20171018 0
20171019 0
20171020 0
20171021 0
20171022 26.48858
20171023 0
20171024 0
20171025 0
20171026 0
20171027 0
20171028 0
20171029 0
20171030 0
20171031 10.85118
20171101 0
20171102 0
20171103 0
20171104 0
20171105 0
20171106 0
20171107 0
20171108 19.85389
20171109 0
20171110 0
20171111 0
20171112 0
20171113 0
20171114 0
20171115 0
20171116 0
20171117 0
20171118 0
20171119 0
20171120 0
20171121 0
20171122 0
20171123 0
20171124 0
20171125 0
20171126 0
20171127 0
20171128 0
20171129 0
20171130 0
20171201 0
20171202 0
20171203 0
20171204 0
20171205 0.8719445
20171206 6.117369
20171207 0
20171208 0
20171209 0
20171210 0
20171211 0
20171212 0
20171213 0
20171214 0
20171215 0
20171216 0
20171217 0
20171218 0
20171219 36.24449
20171220 0
20171221 0
20171222 11.31711
20171223 0
20171224 0.5797206
20171225 0
20171226 0
20171227 0
20171228 0
20171229 0
20171230 0
20171231 0
20180101
20180102
20180103
20180104
20180105
20180106
20180107
20180108
