20070101 6.159719
20070102 40.22812
20070103 43.88726
20070104 2.584083
20070105 0
20070106 28.84367
20070107 0.2557643
20070108 0
20070109 0
20070110 0
20070111 0
20070112 0
20070113 0
20070114 0
20070115 0
20070116 0
20070117 0
20070118 4.169921
20070119 0.8839882
20070120 0
20070121 0
20070122 0
20070123 0
20070124 0
20070125 0
20070126 0
20070127 0.2127594
20070128 0
20070129 0
20070130 0
20070131 0
20070201 0
20070202 0.7314941
20070203 0.06097484
20070204 0
20070205 0
20070206 4.774613
20070207 8.606696
20070208 3.493554
20070209 6.562159
20070210 17.62976
20070211 0
20070212 0.09605674
20070213 0
20070214 11.24304
20070215 42.63076
20070216 0
20070217 15.16449
20070218 0
20070219 0
20070220 0
20070221 27.57829
20070222 15.57926
20070223 0
20070224 21.04962
20070225 5.563812
20070226 0
20070227 5.938732
20070228 10.14719
20070301 1.060827
20070302 1.403757
20070303 0.7055934
20070304 18.83361
20070305 3.221629
20070306 0
20070307 15.73534
20070308 0
20070309 10.27317
20070310 0.1257602
20070311 0.3197251
20070312 1.338489
20070313 3.083387
20070314 4.024776
20070315 0
20070316 0
20070317 0
20070318 0
20070319 0
20070320 1.4993
20070321 0
20070322 0
20070323 0
20070324 19.07044
20070325 1.902954
20070326 3.348979
20070327 0.7717183
20070328 0
20070329 0
20070330 5.545181
20070331 0.8140944
20070401 0
20070402 0
20070403 0
20070404 3.984501
20070405 0
20070406 0
20070407 41.79904
20070408 0
20070409 0
20070410 0
20070411 10.60598
20070412 0
20070413 0
20070414 15.67193
20070415 0
20070416 0
20070417 0
20070418 0
20070419 0
20070420 0
20070421 10.18469
20070422 16.23297
20070423 0
20070424 0.8502747
20070425 0
20070426 0
20070427 0
20070428 0
20070429 0
20070430 0
20070501 6.011067
20070502 30.7453
20070503 0.5274929
20070504 0
20070505 0
20070506 0
20070507 0
20070508 0
20070509 0
20070510 0
20070511 0
20070512 5.663183
20070513 0
20070514 0
20070515 0
20070516 0
20070517 0
20070518 0
20070519 0
20070520 0.5215436
20070521 0.6369105
20070522 0
20070523 0
20070524 2.432419
20070525 0
20070526 0
20070527 0.5896611
20070528 0
20070529 0
20070530 0
20070531 0
20070601 0
20070602 5.906748
20070603 23.93696
20070604 0
20070605 11.32712
20070606 0.1669349
20070607 0
20070608 0
20070609 0.3106535
20070610 4.297854
20070611 0.1082712
20070612 0
20070613 0
20070614 0
20070615 0
20070616 0.3793738
20070617 0
20070618 0
20070619 0
20070620 0
20070621 0
20070622 0
20070623 0
20070624 0
20070625 0
20070626 0
20070627 0
20070628 0.04253395
20070629 1.102069
20070630 0
20070701 0
20070702 0
20070703 0
20070704 0
20070705 0
20070706 0
20070707 0
20070708 0
20070709 0
20070710 0
20070711 3.325289
20070712 1.444777
20070713 0.1081298
20070714 0
20070715 0
20070716 0
20070717 0.1396978
20070718 19.63354
20070719 0
20070720 0
20070721 0
20070722 0
20070723 0
20070724 0
20070725 0
20070726 0
20070727 0
20070728 0
20070729 0
20070730 0
20070731 0
20070801 0
20070802 0
20070803 0
20070804 0
20070805 0
20070806 0
20070807 0
20070808 0
20070809 0
20070810 0
20070811 0
20070812 0
20070813 0
20070814 0
20070815 0
20070816 0
20070817 0
20070818 0
20070819 4.839327
20070820 10.61476
20070821 2.378644
20070822 0
20070823 0
20070824 0
20070825 0
20070826 1.716171
20070827 0
20070828 0
20070829 0
20070830 0
20070831 0
20070901 0
20070902 0
20070903 0
20070904 0.04485129
20070905 0
20070906 0
20070907 0
20070908 0
20070909 0
20070910 0
20070911 0
20070912 0
20070913 0
20070914 0
20070915 0
20070916 0
20070917 0.02095243
20070918 0
20070919 0
20070920 0
20070921 0
20070922 0
20070923 0
20070924 0
20070925 0
20070926 0
20070927 0
20070928 0.0491891
20070929 0
20070930 39.38055
20071001 17.81584
20071002 0
20071003 0
20071004 0
20071005 0
20071006 0
20071007 0
20071008 0
20071009 8.881467
20071010 5.516904
20071011 2.660917
20071012 0
20071013 0
20071014 0
20071015 1.306533
20071016 0
20071017 0
20071018 0
20071019 92.98507
20071020 0
20071021 0
20071022 0
20071023 0
20071024 0
20071025 0
20071026 0
20071027 0
20071028 0
20071029 0
20071030 0
20071031 0
20071101 0
20071102 0
20071103 0
20071104 0
20071105 0
20071106 0
20071107 0
20071108 0
20071109 0.04566975
20071110 7.510309
20071111 0
20071112 26.92252
20071113 7.621486
20071114 5.796746
20071115 10.68052
20071116 51.10722
20071117 53.42088
20071118 21.69258
20071119 0
20071120 0
20071121 2.693375
20071122 0
20071123 0
20071124 0
20071125 0.1024961
20071126 19.04077
20071127 0
20071128 0.692621
20071129 7.545182
20071130 0
20071201 0
20071202 13.95291
20071203 42.91383
20071204 0
20071205 0
20071206 16.92493
20071207 0.7205335
20071208 0
20071209 2.200736
20071210 0
20071211 0
20071212 7.838922
20071213 0
20071214 0
20071215 0
20071216 15.32052
20071217 4.311475
20071218 9.101427
20071219 17.43828
20071220 21.75909
20071221 0
20071222 48.19528
20071223 0.3268211
20071224 1.595862
20071225 0.886045
20071226 0
20071227 20.36305
20071228 22.67427
20071229 15.77205
20071230 0
20071231 0
20080101 0.1456135
20080102 18.95799
20080103 0.8359685
20080104 10.35129
20080105 3.919651
20080106 12.01905
20080107 11.1524
20080108 31.53276
20080109 5.893074
20080110 28.65373
20080111 0
20080112 17.6961
20080113 0
20080114 6.166639
20080115 13.71204
20080116 0
20080117 0
20080118 0
20080119 0
20080120 0
20080121 0
20080122 0
20080123 0
20080124 0
20080125 0
20080126 14.39089
20080127 21.08316
20080128 3.564622
20080129 0.326147
20080130 11.09159
20080131 42.15982
20080201 0
20080202 24.99699
20080203 0
20080204 0
20080205 2.234719
20080206 2.555127
20080207 35.48318
20080208 0
20080209 0
20080210 8.349355
20080211 0
20080212 0
20080213 2.336748
20080214 0
20080215 0
20080216 0.6503423
20080217 0
20080218 0
20080219 0
20080220 0
20080221 0
20080222 0
20080223 0
20080224 22.43646
20080225 0
20080226 0
20080227 4.633358
20080228 0
20080229 0.04220469
20080301 2.641597
20080302 0
20080303 0
20080304 0
20080305 0
20080306 2.909529
20080307 19.82376
20080308 0
20080309 4.981334
20080310 0
20080311 0.2330139
20080312 0
20080313 34.87242
20080314 0
20080315 0
20080316 0
20080317 0
20080318 0
20080319 70.62625
20080320 0
20080321 0
20080322 0
20080323 25.63956
20080324 0
20080325 0
20080326 0.9703408
20080327 0
20080328 0
20080329 0
20080330 0
20080331 0
20080401 0
20080402 0
20080403 0
20080404 1.196311
20080405 5.591827
20080406 2.906244
20080407 2.170777
20080408 0
20080409 0
20080410 0
20080411 0
20080412 0
20080413 0
20080414 5.379519
20080415 0.404644
20080416 0
20080417 0
20080418 0
20080419 0.08800127
20080420 5.171826
20080421 0.1854693
20080422 47.14744
20080423 2.959708
20080424 6.756059
20080425 0
20080426 0
20080427 14.02079
20080428 0
20080429 6.920679
20080430 1.389949
20080501 0
20080502 0
20080503 3.005013
20080504 0
20080505 0
20080506 0
20080507 4.281646
20080508 0
20080509 0
20080510 0
20080511 3.576453
20080512 0
20080513 0
20080514 2.022255
20080515 0
20080516 0
20080517 0
20080518 0
20080519 0
20080520 7.851011
20080521 7.539417
20080522 0
20080523 4.407859
20080524 0
20080525 20.08383
20080526 0
20080527 0
20080528 11.68682
20080529 5.54593
20080530 0
20080531 0
20080601 0
20080602 0
20080603 13.60426
20080604 0
20080605 0
20080606 5.44483
20080607 0
20080608 0
20080609 0
20080610 2.871297
20080611 3.409692
20080612 0
20080613 0
20080614 0
20080615 0
20080616 0
20080617 0
20080618 0.1695815
20080619 0
20080620 0
20080621 7.962375
20080622 0
20080623 0
20080624 0
20080625 0
20080626 0
20080627 0
20080628 0
20080629 3.488475
20080630 11.14942
20080701 0
20080702 0
20080703 3.458004
20080704 3.727584
20080705 0
20080706 0
20080707 0
20080708 0
20080709 0
20080710 0
20080711 0
20080712 0
20080713 0
20080714 0
20080715 0
20080716 0
20080717 0
20080718 0
20080719 0
20080720 0
20080721 0
20080722 0
20080723 0
20080724 0
20080725 0
20080726 0
20080727 0.5819126
20080728 0
20080729 0
20080730 0.4883829
20080731 0
20080801 0
20080802 0
20080803 0
20080804 0
20080805 0
20080806 1.805615
20080807 0
20080808 0
20080809 0
20080810 0
20080811 0
20080812 0
20080813 0
20080814 0
20080815 0
20080816 0
20080817 0
20080818 16.17064
20080819 9.103293
20080820 0
20080821 0
20080822 0
20080823 0
20080824 2.882179
20080825 0.08729958
20080826 0
20080827 0
20080828 0
20080829 0
20080830 0
20080831 0
20080901 5.595554
20080902 0
20080903 0
20080904 0
20080905 0
20080906 0
20080907 0
20080908 0
20080909 0
20080910 0
20080911 0
20080912 0
20080913 0
20080914 0
20080915 0
20080916 0
20080917 0
20080918 0
20080919 1.610751
20080920 3.348778
20080921 0
20080922 5.638239
20080923 0
20080924 0
20080925 0
20080926 0
20080927 0
20080928 0
20080929 0
20080930 1.858977
20081001 8.118496
20081002 12.16537
20081003 21.82188
20081004 10.37957
20081005 0
20081006 0
20081007 0
20081008 0
20081009 0
20081010 0
20081011 0
20081012 0
20081013 0
20081014 0
20081015 0
20081016 0
20081017 0
20081018 0
20081019 0
20081020 0.09372856
20081021 0
20081022 0
20081023 0
20081024 0
20081025 0
20081026 0
20081027 0
20081028 1.431471
20081029 0
20081030 17.11497
20081031 10.56554
20081101 36.06067
20081102 0
20081103 28.14631
20081104 16.38711
20081105 0
20081106 0
20081107 0
20081108 15.56802
20081109 0
20081110 0
20081111 70.48705
20081112 9.075112
20081113 11.79956
20081114 0
20081115 0
20081116 0
20081117 0
20081118 0
20081119 0.2044402
20081120 10.87872
20081121 0
20081122 0
20081123 0
20081124 0
20081125 0.8676946
20081126 0
20081127 0
20081128 0
20081129 0
20081130 0
20081201 0
20081202 0
20081203 0
20081204 0
20081205 0
20081206 0
20081207 0.5659283
20081208 8.62575
20081209 0
20081210 0
20081211 0.3869264
20081212 31.03564
20081213 0
20081214 0
20081215 0
20081216 2.117314
20081217 0
20081218 0
20081219 0
20081220 0
20081221 15.56234
20081222 2.203518
20081223 0
20081224 29.42444
20081225 23.4228
20081226 0
20081227 23.10522
20081228 29.40956
20081229 59.14748
20081230 0
20081231 30.86477
20090101 18.72595
20090102 21.66619
20090103 0
20090104 13.34997
20090105 53.38214
20090106 0
20090107 0
20090108 0
20090109 0
20090110 0
20090111 0
20090112 0
20090113 0
20090114 0
20090115 0
20090116 0
20090117 0
20090118 0
20090119 0
20090120 0
20090121 2.963172
20090122 0
20090123 0
20090124 0
20090125 0
20090126 0
20090127 0
20090128 0
20090129 0
20090130 0
20090131 0
20090201 0
20090202 0
20090203 0
20090204 0
20090205 10.16508
20090206 0.04719104
20090207 0
20090208 5.029199
20090209 0
20090210 12.99231
20090211 2.692962
20090212 0
20090213 15.40702
20090214 0
20090215 16.72941
20090216 4.814491
20090217 6.69964
20090218 0
20090219 4.24805
20090220 0.2737905
20090221 0
20090222 25.59189
20090223 6.408528
20090224 14.21513
20090225 0
20090226 0
20090227 0
20090228 4.014337
20090301 33.71865
20090302 7.707198
20090303 9.732637
20090304 4.437249
20090305 0.4663258
20090306 0
20090307 0
20090308 0
20090309 0
20090310 0
20090311 0
20090312 0
20090313 0
20090314 0
20090315 37.04022
20090316 0
20090317 0
20090318 0
20090319 0
20090320 0
20090321 9.801468
20090322 3.922155
20090323 0
20090324 0
20090325 27.05002
20090326 0
20090327 0
20090328 0
20090329 0
20090330 0
20090331 41.81859
20090401 0.5449044
20090402 1.517253
20090403 0.5366381
20090404 0
20090405 0
20090406 0
20090407 10.40812
20090408 19.11889
20090409 1.556851
20090410 13.95343
20090411 0
20090412 26.47096
20090413 22.14742
20090414 0
20090415 0
20090416 0
20090417 0.953283
20090418 1.561802
20090419 0
20090420 0
20090421 0
20090422 0
20090423 0.8967525
20090424 0
20090425 0
20090426 0
20090427 0
20090428 1.313263
20090429 0.1245299
20090430 0
20090501 0
20090502 19.82423
20090503 29.6461
20090504 19.26215
20090505 16.81493
20090506 0
20090507 0
20090508 0
20090509 0
20090510 0
20090511 0
20090512 0
20090513 16.02488
20090514 0
20090515 0
20090516 0
20090517 0
20090518 0
20090519 0
20090520 0
20090521 0
20090522 0
20090523 0
20090524 0
20090525 0
20090526 0
20090527 0
20090528 0
20090529 6.134248
20090530 0.0356593
20090531 12.09111
20090601 14.01282
20090602 11.25475
20090603 0
20090604 23.38677
20090605 5.425831
20090606 0
20090607 0
20090608 0
20090609 0
20090610 0.6874887
20090611 0
20090612 1.877205
20090613 0.7465971
20090614 0
20090615 0
20090616 0
20090617 0
20090618 0
20090619 0
20090620 0
20090621 0
20090622 0
20090623 0
20090624 0
20090625 0
20090626 0
20090627 0
20090628 0
20090629 0
20090630 0
20090701 0
20090702 0
20090703 0
20090704 0
20090705 0
20090706 0
20090707 0
20090708 0
20090709 0
20090710 3.024178
20090711 0
20090712 0
20090713 1.985592
20090714 0
20090715 0
20090716 0
20090717 0
20090718 0
20090719 1.634902
20090720 0
20090721 0
20090722 0
20090723 0
20090724 0
20090725 0
20090726 0
20090727 0
20090728 0
20090729 0
20090730 1.629683
20090731 1.71112
20090801 1.426544
20090802 4.898648
20090803 2.605125
20090804 0.9446073
20090805 0
20090806 0.4358039
20090807 0.2929424
20090808 0
20090809 0
20090810 0
20090811 0
20090812 0
20090813 0
20090814 0
20090815 0
20090816 0
20090817 0
20090818 0
20090819 0
20090820 0
20090821 0
20090822 0
20090823 0
20090824 0
20090825 0
20090826 0
20090827 0
20090828 9.076976
20090829 0.3427901
20090830 0
20090831 0
20090901 0
20090902 0
20090903 0
20090904 0
20090905 9.34863
20090906 11.49549
20090907 0
20090908 0
20090909 0
20090910 0.4533473
20090911 0
20090912 0
20090913 1.451949
20090914 0.7967806
20090915 0
20090916 0
20090917 0
20090918 0
20090919 3.183863
20090920 0
20090921 0
20090922 0
20090923 0
20090924 0
20090925 0
20090926 0
20090927 0
20090928 0
20090929 5.044648
20090930 2.176041
20091001 0
20091002 0
20091003 0
20091004 10.1018
20091005 0.1826629
20091006 0
20091007 0
20091008 0
20091009 0
20091010 0
20091011 0
20091012 0
20091013 19.77674
20091014 9.250465
20091015 0
20091016 0
20091017 0
20091018 1.038584
20091019 0
20091020 0
20091021 18.18427
20091022 0.06279826
20091023 3.037222
20091024 0
20091025 0
20091026 44.34407
20091027 0
20091028 0
20091029 5.771262
20091030 0.7679372
20091031 0
20091101 0
20091102 0
20091103 0
20091104 0
20091105 0
20091106 0
20091107 0
20091108 1.504589
20091109 68.6542
20091110 0
20091111 43.61096
20091112 0
20091113 0
20091114 0
20091115 0
20091116 0
20091117 0
20091118 0
20091119 3.139037
20091120 27.28854
20091121 0
20091122 28.40947
20091123 0
20091124 0
20091125 0
20091126 0
20091127 33.055
20091128 0
20091129 0
20091130 0
20091201 0
20091202 0
20091203 0
20091204 0
20091205 0
20091206 0
20091207 0
20091208 0
20091209 0
20091210 0
20091211 0
20091212 0
20091213 0
20091214 0
20091215 51.8291
20091216 12.21719
20091217 8.619751
20091218 0.3005134
20091219 1.543398
20091220 27.81977
20091221 3.518547
20091222 0
20091223 0
20091224 0
20091225 0
20091226 0
20091227 0.6676292
20091228 0
20091229 22.12681
20091230 2.073854
20091231 23.0143
20100101 29.24879
20100102 0
20100103 0
20100104 12.56038
20100105 6.421355
20100106 18.13754
20100107 11.42655
20100108 0
20100109 6.802797
20100110 8.134156
20100111 15.85317
20100112 8.236028
20100113 3.584759
20100114 0
20100115 9.078192
20100116 0.2179838
20100117 9.227394
20100118 4.761528
20100119 5.87431
20100120 7.850592
20100121 9.176862
20100122 7.886199
20100123 0
20100124 9.271963
20100125 9.081626
20100126 7.05247
20100127 0
20100128 0
20100129 2.520649
20100130 5.658634
20100131 0
20100201 1.642258
20100202 4.346923
20100203 3.261383
20100204 5.195059
20100205 10.39208
20100206 14.15763
20100207 0.3126415
20100208 0
20100209 0
20100210 0
20100211 14.14751
20100212 4.829046
20100213 6.751303
20100214 11.17866
20100215 0
20100216 2.292742
20100217 0.04972735
20100218 0
20100219 0
20100220 0
20100221 0
20100222 0
20100223 16.40548
20100224 11.55097
20100225 0
20100226 9.486561
20100227 1.590329
20100228 0
20100301 0
20100302 11.6416
20100303 6.275733
20100304 1.257831
20100305 0
20100306 0.8894791
20100307 0
20100308 0
20100309 0
20100310 1.60825
20100311 5.345088
20100312 24.37857
20100313 1.804233
20100314 0
20100315 0.311985
20100316 0.5742864
20100317 0
20100318 0
20100319 0
20100320 0
20100321 1.152952
20100322 0
20100323 0
20100324 0
20100325 0
20100326 0
20100327 0
20100328 21.8268
20100329 18.10465
20100330 53.59296
20100331 0.6482143
20100401 0
20100402 20.61303
20100403 0
20100404 20.77412
20100405 0.6428406
20100406 6.09601
20100407 0
20100408 0
20100409 0
20100410 0.6285496
20100411 5.828416
20100412 16.66293
20100413 0.1473711
20100414 0
20100415 2.866475
20100416 0
20100417 0
20100418 0
20100419 0
20100420 6.879874
20100421 17.55124
20100422 0
20100423 0
20100424 0
20100425 0
20100426 24.69609
20100427 28.42767
20100428 0
20100429 0
20100430 0
20100501 0
20100502 0
20100503 0.4596964
20100504 0
20100505 0
20100506 0
20100507 0
20100508 0
20100509 0
20100510 24.96752
20100511 0.3321047
20100512 0
20100513 0
20100514 0
20100515 0
20100516 0
20100517 72.58368
20100518 0.3052433
20100519 0.3877811
20100520 0.2977953
20100521 0
20100522 0.2698351
20100523 0
20100524 0
20100525 0
20100526 0.3466343
20100527 0.3078073
20100528 0
20100529 0
20100530 0
20100531 1.236313
20100601 0
20100602 83.34361
20100603 17.14356
20100604 17.57347
20100605 0
20100606 0
20100607 1.953422
20100608 0.192128
20100609 0
20100610 0
20100611 0
20100612 0
20100613 0
20100614 0
20100615 0
20100616 0
20100617 0
20100618 0
20100619 0
20100620 0
20100621 0
20100622 0
20100623 0
20100624 0
20100625 0
20100626 0
20100627 0
20100628 0
20100629 0
20100630 0
20100701 0
20100702 5.265491
20100703 0
20100704 0
20100705 0
20100706 0
20100707 0
20100708 0
20100709 0
20100710 0.5147333
20100711 0
20100712 0.1340421
20100713 0
20100714 0
20100715 0
20100716 0
20100717 0
20100718 0
20100719 0
20100720 0
20100721 0
20100722 0
20100723 0
20100724 0
20100725 0
20100726 1.028825
20100727 0
20100728 2.989218
20100729 0
20100730 0
20100731 0
20100801 0
20100802 0
20100803 0
20100804 0
20100805 0
20100806 0
20100807 0
20100808 0
20100809 0
20100810 0
20100811 0.2888134
20100812 0
20100813 0
20100814 0
20100815 0
20100816 0
20100817 0
20100818 16.56045
20100819 0
20100820 0
20100821 0
20100822 0
20100823 0
20100824 0
20100825 0
20100826 0
20100827 0
20100828 0.3621652
20100829 0
20100830 1.691166
20100831 0
20100901 0
20100902 0
20100903 0
20100904 0
20100905 0
20100906 0
20100907 0
20100908 0
20100909 0
20100910 0
20100911 0
20100912 0
20100913 0
20100914 2.584081
20100915 0
20100916 0
20100917 31.70273
20100918 56.36623
20100919 1.412414
20100920 0
20100921 0
20100922 0
20100923 0
20100924 0
20100925 0
20100926 0
20100927 0
20100928 0
20100929 0
20100930 0
20101001 0
20101002 0
20101003 0
20101004 0
20101005 0
20101006 0.1204934
20101007 0
20101008 0
20101009 13.57315
20101010 0
20101011 0
20101012 0
20101013 0
20101014 0
20101015 0
20101016 0
20101017 0
20101018 0
20101019 0
20101020 0
20101021 0
20101022 0
20101023 6.227184
20101024 58.73215
20101025 0
20101026 0
20101027 10.04481
20101028 35.71033
20101029 0
20101030 0
20101031 12.31328
20101101 0
20101102 0
20101103 0
20101104 0
20101105 5.548792
20101106 0
20101107 76.74459
20101108 0
20101109 0
20101110 0
20101111 6.020183
20101112 0
20101113 2.443823
20101114 6.920621
20101115 0
20101116 0
20101117 32.293
20101118 41.49008
20101119 0
20101120 1.978642
20101121 0
20101122 0
20101123 0
20101124 0
20101125 0
20101126 10.4734
20101127 18.46774
20101128 0
20101129 0
20101130 34.35503
20101201 7.143895
20101202 2.594254
20101203 0
20101204 0
20101205 0
20101206 21.22172
20101207 10.68351
20101208 7.939194
20101209 1.733901
20101210 17.55449
20101211 43.25985
20101212 0
20101213 18.27423
20101214 55.15058
20101215 0
20101216 0
20101217 0
20101218 8.871161
20101219 12.60117
20101220 17.03913
20101221 5.562047
20101222 4.519829
20101223 1.773028
20101224 6.373847
20101225 3.913429
20101226 0
20101227 0
20101228 45.7991
20101229 49.12582
20101230 0
20101231 0
20110101 0
20110102 0
20110103 0
20110104 0
20110105 3.988356
20110106 0
20110107 0
20110108 0
20110109 0
20110110 0
20110111 0
20110112 11.93312
20110113 14.99069
20110114 0
20110115 13.45845
20110116 85.41331
20110117 21.61543
20110118 0
20110119 0.08609775
20110120 0
20110121 0
20110122 0
20110123 0
20110124 0.1957244
20110125 0
20110126 2.012922
20110127 0
20110128 0
20110129 0
20110130 0
20110131 0
20110201 0
20110202 0
20110203 0
20110204 11.77782
20110205 0
20110206 0
20110207 0
20110208 0
20110209 0
20110210 0
20110211 2.993412
20110212 0.4843819
20110213 0.2328077
20110214 0.8793924
20110215 58.5485
20110216 8.933448
20110217 17.85767
20110218 0
20110219 22.36365
20110220 0
20110221 0
20110222 0
20110223 0
20110224 0
20110225 0
20110226 0
20110227 0
20110228 13.54024
20110301 0
20110302 0.8193082
20110303 0
20110304 14.98526
20110305 26.32887
20110306 0.7582204
20110307 0.03617568
20110308 7.374212
20110309 0
20110310 29.37172
20110311 1.969839
20110312 2.94533
20110313 8.382469
20110314 4.60291
20110315 20.71831
20110316 10.90278
20110317 0
20110318 23.64827
20110319 0.5305133
20110320 5.668803
20110321 0
20110322 0
20110323 0.07437776
20110324 14.08396
20110325 9.207539
20110326 0
20110327 0
20110328 0.9486756
20110329 57.76565
20110330 0
20110331 0
20110401 0
20110402 1.674542
20110403 0
20110404 11.28111
20110405 2.688314
20110406 18.60688
20110407 1.889258
20110408 0
20110409 0
20110410 0
20110411 0.88358
20110412 0
20110413 48.39486
20110414 0.09959477
20110415 2.390422
20110416 23.50153
20110417 30.07175
20110418 0
20110419 0
20110420 19.51907
20110421 0
20110422 0
20110423 0
20110424 2.119098
20110425 3.021955
20110426 1.157896
20110427 0
20110428 3.016325
20110429 1.792605
20110430 0
20110501 0
20110502 1.116735
20110503 0
20110504 0
20110505 0
20110506 0.06080088
20110507 0.1787944
20110508 0.9343412
20110509 0
20110510 0
20110511 0
20110512 0.725703
20110513 0
20110514 23.27357
20110515 40.07447
20110516 0.6024216
20110517 1.246812
20110518 1.120348
20110519 0
20110520 0
20110521 0
20110522 0
20110523 0
20110524 0
20110525 45.68155
20110526 0
20110527 1.323938
20110528 1.007295
20110529 0
20110530 0
20110531 1.72158
20110601 0.464792
20110602 0
20110603 0
20110604 0
20110605 25.77077
20110606 0.6945109
20110607 0
20110608 0
20110609 0
20110610 0
20110611 0
20110612 0
20110613 13.48311
20110614 0
20110615 0
20110616 0
20110617 0
20110618 3.394241
20110619 0.1917834
20110620 0
20110621 0
20110622 0
20110623 0.1137457
20110624 0
20110625 0
20110626 0
20110627 0
20110628 3.792169
20110629 0
20110630 0
20110701 0
20110702 0
20110703 0.1245358
20110704 0
20110705 0
20110706 0
20110707 0
20110708 0
20110709 0
20110710 0
20110711 0
20110712 1.688828
20110713 0.08708879
20110714 0
20110715 0
20110716 0
20110717 0.1294231
20110718 8.633292
20110719 15.54072
20110720 0
20110721 0
20110722 0
20110723 0
20110724 0
20110725 1.884507
20110726 3.671784
20110727 0
20110728 0
20110729 0
20110730 0
20110731 0
20110801 0
20110802 0
20110803 0
20110804 0
20110805 1.982117
20110806 0
20110807 0
20110808 0.07749824
20110809 0
20110810 0
20110811 0
20110812 0
20110813 0
20110814 0
20110815 0
20110816 0
20110817 0
20110818 0
20110819 0
20110820 0.04356395
20110821 0
20110822 0
20110823 0
20110824 0
20110825 6.394624
20110826 1.631324
20110827 0
20110828 0
20110829 0
20110830 0
20110831 0.08618319
20110901 0
20110902 0
20110903 0
20110904 0
20110905 0
20110906 0
20110907 0
20110908 11.59161
20110909 0
20110910 0
20110911 0
20110912 0
20110913 0
20110914 0
20110915 0.1543426
20110916 0
20110917 0
20110918 0
20110919 0
20110920 0
20110921 0
20110922 0
20110923 0
20110924 0
20110925 6.04016
20110926 0
20110927 2.814258
20110928 0
20110929 0
20110930 0
20111001 0.6479577
20111002 0
20111003 0
20111004 16.36326
20111005 19.58033
20111006 0
20111007 0
20111008 0
20111009 0
20111010 20.3397
20111011 0
20111012 0
20111013 0
20111014 0
20111015 0
20111016 0
20111017 0
20111018 0
20111019 0
20111020 0
20111021 0
20111022 0
20111023 0
20111024 0
20111025 0
20111026 5.509928
20111027 0
20111028 0
20111029 0
20111030 0
20111031 0
20111101 0
20111102 0
20111103 0
20111104 0
20111105 0
20111106 0
20111107 0
20111108 0
20111109 10.22718
20111110 13.66387
20111111 0.2234076
20111112 13.17317
20111113 17.0996
20111114 0
20111115 0
20111116 0.5206631
20111117 17.58153
20111118 0
20111119 0
20111120 0
20111121 37.96201
20111122 53.28225
20111123 16.67189
20111124 0.4304026
20111125 0
20111126 0
20111127 5.745237
20111128 0
20111129 0
20111130 0
20111201 0
20111202 0
20111203 0
20111204 0
20111205 0
20111206 0
20111207 0
20111208 0
20111209 0
20111210 0
20111211 0.8769722
20111212 0
20111213 0
20111214 0
20111215 1.261118
20111216 0
20111217 0
20111218 0
20111219 0
20111220 0
20111221 0
20111222 0
20111223 0.1684996
20111224 0
20111225 0
20111226 14.79564
20111227 3.091451
20111228 42.35367
20111229 54.2606
20111230 40.97474
20111231 0
20120101 0
20120102 9.51258
20120103 0
20120104 0
20120105 0
20120106 0.3355502
20120107 0
20120108 0.1002639
20120109 0.05522376
20120110 0
20120111 0
20120112 0
20120113 0
20120114 0
20120115 0
20120116 0
20120117 0
20120118 49.47545
20120119 48.51251
20120120 29.22195
20120121 13.91061
20120122 14.20207
20120123 12.31484
20120124 60.04487
20120125 3.721348
20120126 22.13627
20120127 0
20120128 0.8965294
20120129 0
20120130 6.021697
20120131 5.66473
20120201 11.10083
20120202 3.969679
20120203 0
20120204 0
20120205 0
20120206 0
20120207 0.3097181
20120208 15.37843
20120209 0
20120210 7.228711
20120211 0
20120212 0
20120213 0
20120214 0
20120215 0
20120216 15.25101
20120217 5.092999
20120218 0
20120219 0
20120220 12.50452
20120221 34.65007
20120222 9.789023
20120223 0
20120224 0
20120225 0
20120226 0
20120227 0
20120228 10.85851
20120229 6.922122
20120301 0
20120302 0
20120303 0
20120304 0
20120305 0
20120306 0
20120307 0
20120308 0
20120309 0
20120310 0
20120311 12.81247
20120312 3.521238
20120313 0
20120314 10.166
20120315 33.53585
20120316 17.81251
20120317 28.30155
20120318 0
20120319 0
20120320 17.24727
20120321 0
20120322 0
20120323 0
20120324 48.13537
20120325 17.10796
20120326 0
20120327 62.19454
20120328 7.97386
20120329 16.86274
20120330 2.903941
20120331 0
20120401 0
20120402 2.922953
20120403 0
20120404 0
20120405 20.94135
20120406 1.443461
20120407 0
20120408 0
20120409 0
20120410 15.935
20120411 3.529565
20120412 0
20120413 12.3518
20120414 5.916714
20120415 0
20120416 0.4984078
20120417 66.772
20120418 0
20120419 3.926033
20120420 0
20120421 0
20120422 0
20120423 0
20120424 15.50277
20120425 1.904023
20120426 2.929039
20120427 0.5859765
20120428 0
20120429 0
20120430 0
20120501 0
20120502 0
20120503 13.30343
20120504 0
20120505 0
20120506 0
20120507 0
20120508 0
20120509 0
20120510 0
20120511 0
20120512 0
20120513 0
20120514 0
20120515 0.9533434
20120516 0
20120517 0
20120518 0
20120519 0
20120520 0
20120521 50.2304
20120522 0
20120523 0
20120524 0
20120525 26.96167
20120526 0
20120527 0
20120528 0
20120529 0
20120530 0
20120531 0
20120601 0
20120602 0.0725258
20120603 0
20120604 32.16334
20120605 9.609162
20120606 0
20120607 0.8764272
20120608 0
20120609 1.671877
20120610 0
20120611 0
20120612 0
20120613 0
20120614 0
20120615 0
20120616 3.377193
20120617 0
20120618 1.445098
20120619 0
20120620 0
20120621 0
20120622 1.689234
20120623 3.094456
20120624 1.442662
20120625 0.03583689
20120626 2.860543
20120627 0
20120628 4.495511
20120629 29.00917
20120630 2.094659
20120701 0
20120702 0
20120703 0.2138757
20120704 0
20120705 0
20120706 0
20120707 0
20120708 0
20120709 0
20120710 0
20120711 0
20120712 0
20120713 0
20120714 0.703645
20120715 0
20120716 0
20120717 0
20120718 5.718628
20120719 0
20120720 5.574954
20120721 0
20120722 0
20120723 0
20120724 0
20120725 0
20120726 0
20120727 0.7111457
20120728 0
20120729 0
20120730 0
20120731 0
20120801 0
20120802 0
20120803 0
20120804 0
20120805 0
20120806 9.198446
20120807 0
20120808 0
20120809 0
20120810 0
20120811 0
20120812 0
20120813 0
20120814 0
20120815 0
20120816 0
20120817 0
20120818 1.621519
20120819 0
20120820 0
20120821 0
20120822 0
20120823 0
20120824 0
20120825 0
20120826 0
20120827 0
20120828 0
20120829 0
20120830 0
20120831 0
20120901 0
20120902 0
20120903 0.04557173
20120904 0.7142752
20120905 0.4194964
20120906 0
20120907 0
20120908 0
20120909 2.88582
20120910 0.03767522
20120911 0
20120912 0
20120913 0
20120914 0
20120915 5.661177
20120916 4.051641
20120917 0.03861085
20120918 0.3660325
20120919 0
20120920 0
20120921 0
20120922 0
20120923 0
20120924 0
20120925 0
20120926 0
20120927 0
20120928 0
20120929 0
20120930 0.04906531
20121001 0
20121002 0
20121003 0
20121004 0
20121005 0
20121006 0
20121007 0
20121008 0
20121009 0
20121010 0
20121011 0
20121012 0
20121013 0
20121014 0.2187961
20121015 18.0258
20121016 41.24093
20121017 0
20121018 0
20121019 0
20121020 0
20121021 0
20121022 29.48949
20121023 0.08306509
20121024 0
20121025 0
20121026 0
20121027 0
20121028 0
20121029 0
20121030 0
20121031 41.911
20121101 0
20121102 1.531595
20121103 3.302207
20121104 0
20121105 0
20121106 0
20121107 0
20121108 0
20121109 6.782479
20121110 0
20121111 2.047116
20121112 27.86497
20121113 0
20121114 0
20121115 0
20121116 0
20121117 0
20121118 14.13677
20121119 33.03198
20121120 77.75105
20121121 19.26608
20121122 0
20121123 51.06654
20121124 0
20121125 0
20121126 0
20121127 3.495227
20121128 25.66823
20121129 25.17785
20121130 9.186043
20121201 13.49984
20121202 68.1512
20121203 0
20121204 43.11627
20121205 10.80042
20121206 0.1697151
20121207 0
20121208 9.200772
20121209 0.2375825
20121210 0.1674737
20121211 18.04199
20121212 0
20121213 0
20121214 0
20121215 1.854442
20121216 25.32847
20121217 0
20121218 1.736533
20121219 29.48607
20121220 11.64267
20121221 16.13008
20121222 24.14986
20121223 19.89772
20121224 0
20121225 16.70209
20121226 0
20121227 0
20121228 8.116723
20121229 0
20121230 0
20121231 7.003214
20130101 0
20130102 0
20130103 0
20130104 0
20130105 10.60948
20130106 2.97156
20130107 34.39002
20130108 0
20130109 38.61337
20130110 0
20130111 0
20130112 1.187762
20130113 0
20130114 0
20130115 0
20130116 0
20130117 0
20130118 0
20130119 0
20130120 0
20130121 0
20130122 0
20130123 8.452549
20130124 0
20130125 10.65693
20130126 0
20130127 0
20130128 10.30931
20130129 5.564382
20130130 4.123692
20130131 0
20130201 0
20130202 0
20130203 0
20130204 0.9958966
20130205 3.642899
20130206 0
20130207 0
20130208 0
20130209 0
20130210 0
20130211 0
20130212 1.395309
20130213 0
20130214 0
20130215 0
20130216 0
20130217 0
20130218 2.271325
20130219 0
20130220 0.6231738
20130221 0
20130222 24.88097
20130223 39.13416
20130224 0.7232234
20130225 0
20130226 0.1299384
20130227 0
20130228 3.574201
20130301 3.261589
20130302 4.231735
20130303 7.181691
20130304 0
20130305 8.414572
20130306 21.65217
20130307 4.579921
20130308 0
20130309 0
20130310 0
20130311 0
20130312 0
20130313 0.4424018
20130314 7.934958
20130315 0.3070229
20130316 0
20130317 0
20130318 0
20130319 0
20130320 22.12229
20130321 0
20130322 0
20130323 0
20130324 0
20130325 8.141649
20130326 0.3268998
20130327 0
20130328 0
20130329 0
20130330 0
20130331 0
20130401 8.976264
20130402 0
20130403 1.325722
20130404 23.37511
20130405 4.999466
20130406 5.675674
20130407 4.357074
20130408 12.91027
20130409 0
20130410 0.09035201
20130411 11.6434
20130412 0
20130413 1.377699
20130414 0.4122398
20130415 4.199343
20130416 3.271898
20130417 0
20130418 0
20130419 16.60725
20130420 0.5495646
20130421 0.191484
20130422 8.141367
20130423 0
20130424 0
20130425 0
20130426 0
20130427 0
20130428 0
20130429 9.184614
20130430 0
20130501 0
20130502 0
20130503 0
20130504 0
20130505 0
20130506 0
20130507 0.06639815
20130508 0.6955738
20130509 0.06827167
20130510 3.881264
20130511 0
20130512 1.918771
20130513 0
20130514 0
20130515 0
20130516 0
20130517 0
20130518 0
20130519 0
20130520 0
20130521 0
20130522 0
20130523 0
20130524 0
20130525 0
20130526 0
20130527 59.89907
20130528 34.69415
20130529 0
20130530 0
20130531 0
20130601 0
20130602 7.222257
20130603 0
20130604 0
20130605 0
20130606 6.474078
20130607 0
20130608 0
20130609 0
20130610 0
20130611 0
20130612 0
20130613 5.828632
20130614 0
20130615 0
20130616 0
20130617 0
20130618 0.1322722
20130619 4.927907
20130620 0
20130621 0
20130622 0
20130623 0.1675175
20130624 14.69782
20130625 4.347748
20130626 9.204312
20130627 0
20130628 0
20130629 0
20130630 0
20130701 1.450284
20130702 0
20130703 0
20130704 0
20130705 0
20130706 0
20130707 0
20130708 0
20130709 0.4710469
20130710 0
20130711 0
20130712 0
20130713 0
20130714 0
20130715 0
20130716 0
20130717 0
20130718 0
20130719 0
20130720 0
20130721 0
20130722 0
20130723 0
20130724 0
20130725 1.390182
20130726 4.3028
20130727 0
20130728 0
20130729 0
20130730 0
20130731 0
20130801 1.055965
20130802 0
20130803 0
20130804 0
20130805 0
20130806 0
20130807 12.19692
20130808 0.3618121
20130809 3.643924
20130810 3.86523
20130811 0
20130812 0
20130813 0
20130814 0
20130815 0
20130816 0
20130817 0
20130818 0
20130819 0
20130820 0
20130821 0
20130822 2.516119
20130823 2.039521
20130824 0
20130825 11.10831
20130826 0
20130827 0
20130828 0
20130829 0
20130830 0
20130831 0
20130901 0
20130902 0.05042997
20130903 0.7575625
20130904 0
20130905 14.55222
20130906 9.287525
20130907 0
20130908 0
20130909 0
20130910 0
20130911 0
20130912 0
20130913 0
20130914 0
20130915 9.128333
20130916 0
20130917 7.045571
20130918 0.446402
20130919 0
20130920 0.01413294
20130921 2.04094
20130922 2.093728
20130923 0.1849957
20130924 2.583086
20130925 2.74775
20130926 0
20130927 0
20130928 4.652553
20130929 65.08768
20130930 11.81594
20131001 6.039748
20131002 0
20131003 1.211004
20131004 0
20131005 0
20131006 0
20131007 0
20131008 25.98908
20131009 0
20131010 0
20131011 0
20131012 2.839832
20131013 0
20131014 0
20131015 0
20131016 0
20131017 0.4865727
20131018 0
20131019 0
20131020 0
20131021 0
20131022 1.790093
20131023 0
20131024 0
20131025 0
20131026 0
20131027 2.028148
20131028 2.358884
20131029 0
20131030 0
20131031 0
20131101 0
20131102 0
20131103 0
20131104 0
20131105 0
20131106 0
20131107 0
20131108 0
20131109 0
20131110 0
20131111 0
20131112 26.9178
20131113 0
20131114 0
20131115 0.45725
20131116 40.49507
20131117 0
20131118 4.487582
20131119 78.37212
20131120 0
20131121 0
20131122 0
20131123 0
20131124 0
20131125 0
20131126 0
20131127 0
20131128 0
20131129 0
20131130 3.602196
20131201 35.12782
20131202 54.52472
20131203 0
20131204 0
20131205 0
20131206 0.7635859
20131207 0
20131208 0
20131209 0
20131210 0
20131211 0
20131212 0
20131213 0
20131214 0
20131215 2.397763
20131216 0
20131217 0
20131218 0
20131219 0
20131220 0
20131221 0
20131222 6.091808
20131223 0
20131224 0
20131225 0
20131226 0
20131227 0
20131228 0
20131229 0
20131230 0.04799243
20131231 0
20140101 0
20140102 0
20140103 0
20140104 0
20140105 0
20140106 0
20140107 14.50032
20140108 14.97265
20140109 6.546857
20140110 0.5234372
20140111 27.57341
20140112 7.322786
20140113 0
20140114 0
20140115 0
20140116 0
20140117 0
20140118 0
20140119 0
20140120 0
20140121 0
20140122 0
20140123 0
20140124 0
20140125 0
20140126 0
20140127 16.59765
20140128 20.04421
20140129 34.4558
20140130 0
20140131 0
20140201 0
20140202 0
20140203 0
20140204 0
20140205 0
20140206 0
20140207 0
20140208 72.42529
20140209 15.29486
20140210 0
20140211 0
20140212 66.6975
20140213 6.81069
20140214 88.08173
20140215 34.08025
20140216 11.25795
20140217 0
20140218 0
20140219 29.2502
20140220 0
20140221 0
20140222 0
20140223 0
20140224 0
20140225 0
20140226 7.837261
20140227 5.491931
20140228 0.1590884
20140301 0
20140302 0.9066144
20140303 20.93676
20140304 2.380139
20140305 24.30045
20140306 24.17813
20140307 0
20140308 0.7157479
20140309 32.90579
20140310 16.13237
20140311 0
20140312 0
20140313 0
20140314 0
20140315 0
20140316 0
20140317 15.35812
20140318 0
20140319 0
20140320 0
20140321 0
20140322 0
20140323 0
20140324 0
20140325 4.239708
20140326 0
20140327 0
20140328 29.21143
20140329 20.25607
20140330 0
20140331 32.64434
20140401 37.54792
20140402 0.7246813
20140403 0
20140404 0
20140405 0
20140406 0
20140407 0
20140408 0
20140409 0
20140410 0
20140411 0
20140412 0
20140413 0
20140414 0
20140415 0.05786471
20140416 0
20140417 0
20140418 0
20140419 0
20140420 0
20140421 54.14445
20140422 3.851169
20140423 0.1356308
20140424 14.67939
20140425 0
20140426 0
20140427 0
20140428 0
20140429 0
20140430 0
20140501 0
20140502 0
20140503 0
20140504 0.5936826
20140505 1.331104
20140506 0
20140507 0
20140508 59.7286
20140509 1.156779
20140510 0.3117357
20140511 1.916855
20140512 0
20140513 0
20140514 0
20140515 0
20140516 15.03256
20140517 0
20140518 0.8053955
20140519 0.6399418
20140520 0
20140521 0
20140522 0
20140523 11.06482
20140524 0.9409597
20140525 0.1532443
20140526 1.524423
20140527 0
20140528 0
20140529 0
20140530 0
20140531 0
20140601 0
20140602 0
20140603 5.489437
20140604 0
20140605 0
20140606 0
20140607 0
20140608 0
20140609 7.718084
20140610 0
20140611 0
20140612 0
20140613 7.493665
20140614 0
20140615 0
20140616 0
20140617 4.501161
20140618 0
20140619 0
20140620 0
20140621 0
20140622 0
20140623 0
20140624 0
20140625 9.938405
20140626 7.114373
20140627 0
20140628 0
20140629 0
20140630 0
20140701 0
20140702 2.207009
20140703 0
20140704 0
20140705 0.3289411
20140706 0
20140707 0
20140708 0
20140709 0
20140710 0
20140711 2.596519
20140712 0.3399425
20140713 0.07976075
20140714 0
20140715 0
20140716 0
20140717 0.7356935
20140718 0
20140719 0
20140720 0
20140721 0
20140722 0
20140723 13.36346
20140724 0
20140725 0
20140726 0
20140727 0
20140728 0
20140729 1.498442
20140730 0
20140731 0.7037742
20140801 4.598557
20140802 0
20140803 0
20140804 0
20140805 1.854639
20140806 0
20140807 0
20140808 0
20140809 0
20140810 0
20140811 4.258121
20140812 11.62612
20140813 2.284192
20140814 0
20140815 0
20140816 0
20140817 0
20140818 0
20140819 0
20140820 0
20140821 0
20140822 0
20140823 0
20140824 0
20140825 0
20140826 0
20140827 0
20140828 0
20140829 0
20140830 1.749161
20140831 0
20140901 0
20140902 0
20140903 0.7965172
20140904 0
20140905 0
20140906 0
20140907 0
20140908 0
20140909 0.8231535
20140910 0
20140911 0
20140912 0
20140913 0
20140914 0.06639092
20140915 0
20140916 0
20140917 0
20140918 7.185412
20140919 0
20140920 0
20140921 0
20140922 4.10768
20140923 0
20140924 0.796994
20140925 30.17531
20140926 0
20140927 0
20140928 0
20140929 0
20140930 0
20141001 0
20141002 0
20141003 0
20141004 0
20141005 0
20141006 0
20141007 0
20141008 0
20141009 0
20141010 0
20141011 0
20141012 0
20141013 0
20141014 7.082984
20141015 4.670729
20141016 7.86259
20141017 0
20141018 0
20141019 0
20141020 0
20141021 0
20141022 1.109685
20141023 39.17824
20141024 0
20141025 8.262949
20141026 0
20141027 0
20141028 0
20141029 0
20141030 0
20141031 59.43245
20141101 0
20141102 0
20141103 0
20141104 34.69747
20141105 0
20141106 0
20141107 0
20141108 0
20141109 0
20141110 0
20141111 0
20141112 0
20141113 17.49609
20141114 0
20141115 0
20141116 0
20141117 0
20141118 0
20141119 21.22433
20141120 0
20141121 17.40857
20141122 0
20141123 0
20141124 36.72994
20141125 0
20141126 0
20141127 86.61695
20141128 64.9046
20141129 0
20141130 0
20141201 0
20141202 16.77034
20141203 21.36407
20141204 13.24444
20141205 11.2395
20141206 8.501966
20141207 1.871262
20141208 16.26829
20141209 38.27132
20141210 37.3181
20141211 36.97764
20141212 13.55586
20141213 0
20141214 0.9871495
20141215 0.6806615
20141216 0
20141217 12.86829
20141218 0
20141219 8.160645
20141220 47.07255
20141221 34.471
20141222 0
20141223 0
20141224 8.943109
20141225 0
20141226 0
20141227 0
20141228 0
20141229 0
20141230 0
20141231 0
20150101 0
20150102 0
20150103 0
20150104 3.479912
20150105 3.377727
20150106 3.980881
20150107 0
20150108 0
20150109 0
20150110 0
20150111 1.748938
20150112 0
20150113 0
20150114 0
20150115 4.13386
20150116 8.865793
20150117 43.43864
20150118 13.20585
20150119 0
20150120 0
20150121 0
20150122 0.5287128
20150123 0
20150124 0
20150125 0.7261678
20150126 0
20150127 0
20150128 0
20150129 0
20150130 0
20150131 0
20150201 0.09039748
20150202 6.048246
20150203 21.99984
20150204 0.1195953
20150205 27.99374
20150206 36.27841
20150207 0.7702847
20150208 16.11329
20150209 12.14818
20150210 5.97592
20150211 6.723555
20150212 0
20150213 0
20150214 0
20150215 0
20150216 0
20150217 0
20150218 0
20150219 0
20150220 0
20150221 0
20150222 0
20150223 0
20150224 0
20150225 0
20150226 0
20150227 0
20150228 4.367238
20150301 0
20150302 0
20150303 0
20150304 0
20150305 0
20150306 0
20150307 0
20150308 0
20150309 0
20150310 0
20150311 3.439599
20150312 0
20150313 11.90273
20150314 12.45194
20150315 15.88882
20150316 5.605662
20150317 0
20150318 0
20150319 0
20150320 0
20150321 13.13987
20150322 13.6173
20150323 1.981192
20150324 22.75583
20150325 0
20150326 0
20150327 0
20150328 0
20150329 0
20150330 0
20150331 0
20150401 0
20150402 1.20776
20150403 0
20150404 0
20150405 27.40722
20150406 11.03561
20150407 25.55681
20150408 1.107254
20150409 0
20150410 0
20150411 0
20150412 0
20150413 0
20150414 0
20150415 0
20150416 0
20150417 0
20150418 0
20150419 0
20150420 0
20150421 0
20150422 30.52855
20150423 0
20150424 1.086657
20150425 0
20150426 0
20150427 0
20150428 0
20150429 0
20150430 0
20150501 0
20150502 0
20150503 0
20150504 0
20150505 0
20150506 0
20150507 0
20150508 0
20150509 0
20150510 0
20150511 5.108243
20150512 0
20150513 0
20150514 0
20150515 5.31953
20150516 0
20150517 0
20150518 1.583685
20150519 19.04435
20150520 0
20150521 16.05841
20150522 18.5401
20150523 0
20150524 0
20150525 0
20150526 0
20150527 0
20150528 0
20150529 0
20150530 0
20150531 2.123474
20150601 6.79584
20150602 0
20150603 0
20150604 0
20150605 0
20150606 0
20150607 0
20150608 0
20150609 8.266038
20150610 0.4288987
20150611 0
20150612 0
20150613 0
20150614 0
20150615 0
20150616 0
20150617 0
20150618 0
20150619 0
20150620 1.692242
20150621 0
20150622 0
20150623 0
20150624 0
20150625 0
20150626 0
20150627 6.96575
20150628 2.356936
20150629 0.4384288
20150630 0
20150701 0
20150702 0
20150703 0
20150704 0.2403454
20150705 0
20150706 0
20150707 1.289973
20150708 5.516896
20150709 8.097791
20150710 0
20150711 0
20150712 0
20150713 0
20150714 0
20150715 0
20150716 0
20150717 0.1856043
20150718 0
20150719 0
20150720 0
20150721 0
20150722 0
20150723 0
20150724 0
20150725 0.04505391
20150726 0
20150727 0
20150728 0
20150729 0
20150730 0
20150731 0.8290133
20150801 0
20150802 0.08487438
20150803 2.362069
20150804 3.198811
20150805 0
20150806 0
20150807 0
20150808 0
20150809 0
20150810 0
20150811 0.03648996
20150812 0
20150813 0
20150814 0
20150815 0
20150816 0
20150817 0
20150818 0
20150819 0
20150820 0
20150821 0
20150822 0
20150823 0
20150824 0
20150825 0.1812384
20150826 0
20150827 0
20150828 11.66906
20150829 2.299621
20150830 0.7713869
20150831 0
20150901 0
20150902 2.815485
20150903 0
20150904 0.1519817
20150905 0
20150906 0.08559021
20150907 3.109577
20150908 0
20150909 0
20150910 0
20150911 0
20150912 0
20150913 0
20150914 0
20150915 13.52777
20150916 0
20150917 1.955341
20150918 0
20150919 0
20150920 0
20150921 6.730686
20150922 0
20150923 0
20150924 9.461525
20150925 0
20150926 3.014725
20150927 0
20150928 0
20150929 0
20150930 0
20151001 0
20151002 0
20151003 3.430873
20151004 0
20151005 0
20151006 0
20151007 0.8071391
20151008 0.1158616
20151009 0
20151010 4.178653
20151011 2.863141
20151012 0
20151013 0
20151014 0
20151015 0
20151016 0
20151017 0.9634186
20151018 0
20151019 0
20151020 0
20151021 0
20151022 0
20151023 0
20151024 1.504899
20151025 6.683915
20151026 0
20151027 22.72038
20151028 3.323498
20151029 0
20151030 0.06319824
20151031 3.574654
20151101 36.9467
20151102 0
20151103 0
20151104 0
20151105 0
20151106 3.152815
20151107 0
20151108 20.37635
20151109 0
20151110 0
20151111 0
20151112 0
20151113 0
20151114 0
20151115 47.35886
20151116 0
20151117 0.87389
20151118 0
20151119 100.8842
20151120 0
20151121 0
20151122 0
20151123 0
20151124 0
20151125 33.67709
20151126 0
20151127 0
20151128 0
20151129 0
20151130 0
20151201 0
20151202 11.69718
20151203 22.60379
20151204 8.57919
20151205 0
20151206 29.6653
20151207 44.99266
20151208 28.16044
20151209 0.6406204
20151210 17.52141
20151211 31.58691
20151212 23.18747
20151213 50.78267
20151214 0.139686
20151215 0
20151216 5.41395
20151217 56.06743
20151218 11.61223
20151219 0
20151220 13.71388
20151221 43.26423
20151222 3.314501
20151223 0
20151224 22.36164
20151225 4.065685
20151226 0
20151227 20.2713
20151228 2.667699
20151229 0
20151230 0
20151231 0
20160101 0
20160102 0
20160103 0
20160104 0.8566213
20160105 7.975757
20160106 5.703897
20160107 1.64909
20160108 0
20160109 0
20160110 0
20160111 5.875757
20160112 19.48719
20160113 10.31617
20160114 7.46156
20160115 0
20160116 2.8972
20160117 37.21144
20160118 14.15709
20160119 29.79941
20160120 2.988713
20160121 14.07679
20160122 14.90477
20160123 4.304676
20160124 0
20160125 0
20160126 0
20160127 0
20160128 16.25667
20160129 35.18116
20160130 0
20160131 0
20160201 1.840586
20160202 0
20160203 9.808521
20160204 3.432837
20160205 0
20160206 0
20160207 0.1315735
20160208 0
20160209 0
20160210 5.579826
20160211 0.6354386
20160212 0.1456225
20160213 6.715771
20160214 28.41318
20160215 0.6702377
20160216 3.22187
20160217 14.64779
20160218 18.43524
20160219 8.907413
20160220 0
20160221 2.148807
20160222 0
20160223 0
20160224 6.624566
20160225 0
20160226 3.364284
20160227 3.306776
20160228 0.4580571
20160229 0
20160301 22.2008
20160302 0.1833586
20160303 9.178632
20160304 3.860787
20160305 9.305552
20160306 35.39085
20160307 4.634653
20160308 0
20160309 13.22943
20160310 2.183443
20160311 62.38942
20160312 0
20160313 24.8661
20160314 0
20160315 2.071701
20160316 0
20160317 0
20160318 0
20160319 0
20160320 0.09244695
20160321 2.773318
20160322 3.209434
20160323 0
20160324 0
20160325 0
20160326 0
20160327 0
20160328 0
20160329 0
20160330 0
20160331 0
20160401 0
20160402 0
20160403 0
20160404 0.1803874
20160405 5.346829
20160406 0
20160407 0
20160408 0
20160409 0.09985969
20160410 0.1002597
20160411 0
20160412 14.79375
20160413 0.05812928
20160414 29.44647
20160415 0
20160416 0
20160417 0
20160418 0
20160419 0
20160420 0.2117186
20160421 6.748549
20160422 31.28918
20160423 0
20160424 0.124658
20160425 0
20160426 0
20160427 19.42875
20160428 0
20160429 0.6007071
20160430 0
20160501 0
20160502 0
20160503 5.397907
20160504 13.31263
20160505 25.01755
20160506 6.805335
20160507 0
20160508 0
20160509 0
20160510 0
20160511 0
20160512 0
20160513 0
20160514 6.55804
20160515 0.09352654
20160516 0
20160517 0
20160518 0
20160519 0
20160520 0.1346723
20160521 0.3351468
20160522 0
20160523 0
20160524 0
20160525 0
20160526 1.186724
20160527 0
20160528 0
20160529 0
20160530 0
20160531 0
20160601 0
20160602 16.49475
20160603 0.1815033
20160604 1.264019
20160605 7.2811
20160606 12.8625
20160607 1.22338
20160608 0.03249263
20160609 0
20160610 1.215844
20160611 0
20160612 0
20160613 0
20160614 1.105647
20160615 0
20160616 0
20160617 0
20160618 1.027152
20160619 0
20160620 0
20160621 0
20160622 0
20160623 0
20160624 2.061846
20160625 0
20160626 0.1511958
20160627 0.1910241
20160628 0
20160629 1.504829
20160630 0
20160701 0
20160702 0
20160703 5.572253
20160704 0
20160705 0
20160706 0
20160707 0
20160708 0
20160709 0
20160710 0
20160711 5.144273
20160712 0
20160713 0
20160714 0
20160715 0
20160716 0
20160717 0
20160718 0
20160719 0
20160720 0
20160721 0
20160722 6.884935
20160723 0
20160724 0
20160725 0
20160726 9.720762
20160727 0
20160728 0
20160729 0
20160730 0
20160731 0
20160801 0
20160802 0
20160803 0
20160804 0
20160805 0
20160806 0
20160807 0
20160808 0
20160809 0
20160810 0
20160811 0
20160812 0
20160813 0
20160814 0
20160815 0.3121524
20160816 0
20160817 0
20160818 0
20160819 0
20160820 0
20160821 0
20160822 0
20160823 0.7786005
20160824 0
20160825 0
20160826 0
20160827 0
20160828 0.2568344
20160829 0
20160830 6.460039
20160831 0.9773279
20160901 0
20160902 0
20160903 0
20160904 0
20160905 0
20160906 3.000384
20160907 0
20160908 0
20160909 0
20160910 0
20160911 7.600334
20160912 0
20160913 0
20160914 0
20160915 0
20160916 0
20160917 0
20160918 6.736789
20160919 0
20160920 0
20160921 0
20160922 0
20160923 0
20160924 0
20160925 0
20160926 0
20160927 0
20160928 0
20160929 0
20160930 6.095173
20161001 0
20161002 0
20161003 0
20161004 0
20161005 0
20161006 0
20161007 0
20161008 0
20161009 0
20161010 0
20161011 0
20161012 0
20161013 20.04788
20161014 25.4232
20161015 13.81181
20161016 25.86743
20161017 7.19748
20161018 6.700878
20161019 0
20161020 2.477897
20161021 6.339949
20161022 3.630162
20161023 0.3767427
20161024 20.1804
20161025 0
20161026 69.82746
20161027 39.96359
20161028 0
20161029 0
20161030 0.105908
20161031 0
20161101 0
20161102 0
20161103 0
20161104 0
20161105 0
20161106 0.200806
20161107 16.89826
20161108 0.1897198
20161109 0
20161110 0
20161111 0
20161112 0
20161113 3.931866
20161114 13.71465
20161115 11.47249
20161116 0
20161117 0
20161118 12.27948
20161119 11.17934
20161120 11.43325
20161121 0
20161122 0
20161123 10.86194
20161124 31.7562
20161125 6.792387
20161126 28.06735
20161127 10.30793
20161128 27.9464
20161129 0
20161130 0
20161201 0
20161202 0
20161203 0
20161204 46.35318
20161205 0
20161206 0
20161207 0
20161208 16.44046
20161209 36.0325
20161210 25.88227
20161211 0
20161212 0
20161213 2.049563
20161214 52.09808
20161215 40.64651
20161216 0
20161217 0
20161218 0
20161219 10.39272
20161220 19.70558
20161221 0
20161222 0
20161223 23.07094
20161224 1.615643
20161225 0
20161226 0.3565483
20161227 20.13171
20161228 2.339861
20161229 0
20161230 0
20161231 0
20170101 2.10102
20170102 0
20170103 0
20170104 0.8098714
20170105 0
20170106 0
20170107 20.22078
20170108 25.42684
20170109 8.972472
20170110 24.84975
20170111 0
20170112 0
20170113 0
20170114 12.50286
20170115 0.608444
20170116 0
20170117 11.33317
20170118 14.33316
20170119 0
20170120 8.834607
20170121 1.052586
20170122 20.19601
20170123 0.2815473
20170124 0
20170125 0
20170126 0
20170127 0
20170128 1.83079
20170129 2.819124
20170130 0
20170131 0
20170201 7.245506
20170202 0.3631953
20170203 29.89908
20170204 11.49834
20170205 0
20170206 13.76695
20170207 29.16467
20170208 0
20170209 41.19012
20170210 0
20170211 0
20170212 0
20170213 0.2476182
20170214 0
20170215 12.5236
20170216 6.854213
20170217 0
20170218 49.03848
20170219 0.2232794
20170220 0
20170221 35.33944
20170222 1.520331
20170223 0
20170224 0
20170225 0
20170226 0.5530629
20170227 0
20170228 0
20170301 0
20170302 0
20170303 0
20170304 16.68533
20170305 0
20170306 8.519297
20170307 0
20170308 0
20170309 0
20170310 52.2401
20170311 1.364434
20170312 1.203389
20170313 0.6432752
20170314 0.07488675
20170315 10.66588
20170316 0
20170317 0.2938155
20170318 24.07224
20170319 0
20170320 4.14862
20170321 2.960869
20170322 8.812654
20170323 0
20170324 33.07852
20170325 0
20170326 10.48777
20170327 12.30478
20170328 10.92275
20170329 11.60074
20170330 0
20170331 0
20170401 0
20170402 0
20170403 0.04888483
20170404 0
20170405 8.166854
20170406 5.972348
20170407 9.622059
20170408 1.337937
20170409 0
20170410 14.138
20170411 0
20170412 0
20170413 31.56459
20170414 0
20170415 0
20170416 26.26396
20170417 0
20170418 2.371952
20170419 3.207695
20170420 18.81192
20170421 0
20170422 0
20170423 0
20170424 4.026097
20170425 31.82291
20170426 0
20170427 0
20170428 0
20170429 0
20170430 0
20170501 0
20170502 4.826128
20170503 0
20170504 0
20170505 34.71523
20170506 1.369364
20170507 0
20170508 0
20170509 0
20170510 0
20170511 0.4706338
20170512 0
20170513 0.04212357
20170514 0
20170515 0
20170516 9.276246
20170517 0
20170518 0
20170519 0
20170520 0
20170521 0
20170522 0
20170523 0
20170524 0.4788299
20170525 0.8078718
20170526 0
20170527 0
20170528 0
20170529 0
20170530 20.9851
20170531 6.535213
20170601 0
20170602 0
20170603 0
20170604 0
20170605 0
20170606 0
20170607 0
20170608 34.82962
20170609 0
20170610 0
20170611 0
20170612 0.1761159
20170613 0
20170614 0
20170615 0
20170616 0
20170617 0
20170618 0
20170619 0
20170620 0
20170621 0
20170622 0
20170623 0
20170624 0
20170625 0
20170626 11.9117
20170627 0
20170628 0
20170629 0
20170630 0
20170701 0
20170702 0
20170703 0
20170704 0
20170705 0
20170706 0
20170707 0
20170708 0
20170709 0
20170710 0
20170711 0
20170712 0
20170713 0
20170714 0
20170715 0
20170716 0
20170717 0
20170718 0
20170719 0
20170720 0
20170721 0
20170722 0
20170723 0
20170724 0
20170725 5.218108
20170726 4.37482
20170727 0
20170728 0
20170729 0
20170730 0
20170731 0
20170801 1.076464
20170802 0
20170803 0
20170804 0
20170805 0
20170806 0
20170807 0
20170808 0
20170809 0
20170810 0.1067263
20170811 0
20170812 0.05392738
20170813 0
20170814 5.699488
20170815 0
20170816 0
20170817 0
20170818 0
20170819 0.1866745
20170820 0
20170821 0
20170822 0
20170823 0
20170824 0
20170825 0
20170826 0
20170827 0
20170828 2.207319
20170829 0
20170830 0
20170831 0
20170901 0
20170902 0
20170903 0
20170904 11.44834
20170905 0
20170906 0
20170907 10.92253
20170908 0
20170909 0
20170910 0
20170911 0
20170912 10.34231
20170913 0
20170914 2.445779
20170915 0
20170916 0
20170917 0
20170918 0
20170919 5.785606
20170920 5.788854
20170921 11.41518
20170922 0
20170923 0
20170924 0
20170925 0
20170926 0
20170927 0
20170928 0
20170929 7.481986
20170930 8.565903
20171001 0
20171002 0
20171003 0
20171004 0
20171005 0
20171006 0
20171007 0
20171008 0
20171009 0
20171010 0
20171011 0
20171012 0
20171013 0
20171014 0
20171015 0
20171016 0
20171017 0
20171018 0
20171019 6.008928
20171020 10.11405
20171021 25.30385
20171022 50.80848
20171023 0
20171024 0
20171025 0
20171026 0
20171027 0
20171028 0
20171029 0
20171030 0
20171031 0
20171101 0
20171102 0
20171103 0
20171104 0
20171105 0
20171106 0
20171107 25.64707
20171108 34.27325
20171109 0
20171110 2.783958
20171111 2.998877
20171112 0
20171113 0
20171114 0
20171115 0
20171116 0
20171117 0
20171118 0
20171119 0
20171120 87.5215
20171121 0
20171122 19.84251
20171123 40.25134
20171124 0
20171125 3.749991
20171126 7.218309
20171127 0
20171128 0
20171129 13.53448
20171130 7.82257
20171201 0
20171202 27.99422
20171203 0.4165903
20171204 0
20171205 0
20171206 0
20171207 0
20171208 0
20171209 0
20171210 0
20171211 0
20171212 0
20171213 0
20171214 0
20171215 5.7842
20171216 0
20171217 0
20171218 0
20171219 4.542648
20171220 0
20171221 0
20171222 0
20171223 0
20171224 28.98225
20171225 0
20171226 0
20171227 3.877876
20171228 0
20171229 2.664266
20171230 21.10555
20171231 0
20180101
20180102
20180103
20180104
20180105
20180106
20180107
20180108
